Samples	1103_V2_D1	1103_V6_D29	2103_V2_D1	2103_V6_D29	2202_V2_D1	2202_V5_D22	3204_V2_D1	3204_V6_D29	3216_V2_D1	3216_V6_D29	3218_V2_D1	3218_V6_D29
Lachnospiraceae	51.72329157	42.11259247	34.13474931	46.62620982	30.91581506	33.08730913	73.62172562	61.6641562	36.29715324	21.46153174	30.21789285	37.63558609
Bifidobacteriaceae	18.01561269	4.873262286	17.48146114	21.855097	29.31363974	13.32400225	8.155752042	7.800506118	16.01213432	20.22096056	19.65068905	12.32355478
Oscillospiraceae	6.886430421	14.53618728	25.37532935	9.098449649	4.991268644	18.09150553	5.175757449	3.764305962	15.27844359	7.269199435	21.92096777	23.08196928
Coriobacteriaceae	6.237989654	2.837629386	6.14281486	6.593625964	14.82546144	5.19587009	0	0	5.996020831	17.82174096	9.596282062	5.536147264
Erysipelotrichaceae	2.721890496	3.464661489	1.25210743	1.757414214	5.566834933	2.894315873	3.698796967	4.259462647	2.287809	1.513342305	0.862278342	1.035075532
Enterobacteriaceae	2.494063712	2.680483491	0.163117285	0.201744154	0.593393773	0.630074717	0.955263832	0.882408379	0.279464962	0.277795385	0.230692117	0.320420819
Selenomonadaceae	2.047171868	0.554582791	0.055678237	0.070358627	0	0	0	0	0.074596093	0.092825321	0.060858256	0.089269347
Clostridiaceae	1.941621608	2.169067827	0.986230246	1.414585956	3.733345113	1.635543518	2.199093982	2.628145081	2.478991001	3.766798401	1.033503915	1.964930718
Acidaminococcaceae	1.217740781	1.216436951	0	0.086736917	0	0	0.092387252	0.081134435	0.088770417	0	0	0.055534262
Peptostreptococcaceae	0.927528761	1.032163702	0.884649202	0.810706251	2.129409192	1.447959914	1.158377696	1.520400292	1.30958262	2.528462451	3.313946624	2.361310159
Bacteroidaceae	0.748578944	17.65294946	4.262214391	4.141162365	0.491373332	14.72461384	0.543730531	1.052673737	3.829192466	0.549652405	2.298561912	5.298189408
Eggerthellaceae	0.60867658	0.251942756	0.38931239	0.372726471	0.796332957	1.120399571	0.942108915	3.045968383	0.486268424	1.116452674	1.972811318	0.76232544
Streptococcaceae	0.59613371	2.454868843	0.717886534	0.70301307	1.795251922	0.546051741	0.717009623	1.738195796	3.224136962	0.474695559	0.555616661	0.63062425
Veillonellaceae	0.494211009	0.163343971	0.125883597	0.107754322	0.064077735	0.066358366	0.072121895	0.087192999	0.385738117	0.06909855	0.073850569	0.126785179
Bacillaceae	0.428161646	0.415709857	0.28448496	0.43443357	0.509522365	0.323154743	0.455164989	0.581989298	0.652902416	0.719115998	0.257484834	0.56456535
Paenibacillaceae	0.385910825	0.407748738	0.549727376	0.780387689	0.589819842	0.417038878	0.425705726	0.547718635	0.877993117	1.110467603	0.496994125	0.85657329
Christensenellaceae	0.359099069	0.39595594	0.511387378	0.582824088	0.188079433	0.200161989	0.161692832	0.125278313	0.381396706	0.544855007	0.248712553	0.227125967
Lactobacillaceae	0.354374467	0.245768188	0.145434457	0.194789304	0.184020544	0.149151996	0.174193637	0.25814513	0.313206098	0.817586101	0.159256843	0.319894847
Campylobacteraceae	0.291923408	0.23283137	1.623591903	0.484584918	0.058743195	0	0	0	0.171577106	0.153349939	1.349853713	0.324055751
Enterococcaceae	0.235549974	0.285236842	0.149732744	0.287762658	0.490935815	0.321366122	0.215439028	0.300378283	0.377573219	0.312324643	0.302181263	0.376293578
Turicibacteraceae	0.194732624	0.178584497	0	0	0.340951956	0.05230793	0	0.0564106	0.486969143	0.164152425	0	0.057742301
Eubacteriaceae	0.186775398	0.240878682	0.199970111	0.307794155	0.365669009	0.249346428	0.282055481	0.337232845	0.407315688	0.358437049	0.220052248	0.342360602
Staphylococcaceae	0.120587077	0.095180812	0.06182642	0.099355003	0.107876838	0.065334789	0.097789732	0.127012246	0.198044476	0.266492475	0.053441773	0.130159729
Pseudomonadaceae	0.097702739	0.173789021	0.301170295	0.316789604	0.126932532	0.182281055	0.114275775	0.155367139	0.336345053	0.492604067	0.427803549	0.549885015
Flavobacteriaceae	0.091800642	0.107725842	0.094163325	0.108197598	0.104287094	0.069708733	0.108964144	0.139870544	0.247795516	0.196873484	0.054420462	0.152526538
Planococcaceae	0.073714043	0.071477679	0	0.056250217	0.073734728	0.050856984	0.057343811	0.081569618	0.094840775	0.103354242	0	0.085915628
Peptococcaceae	0.071768619	0.081241019	0.068373601	0.109000081	0.085769071	0.058465219	0.074096344	0.103655157	0.126670167	0.15795384	0.084661035	0.14883953
Listeriaceae	0.06001562	0.05143384	0	0.054652894	0.061573875	0	0.061304822	0.09663783	0.08164898	0.098296623	0	0.076781429
Moraxellaceae	0.058026314	0	0	0	0	0	0.057053095	0.076048234	0.089859577	0.07240802	0	0.078770747
Fusobacteriaceae	0.057667946	0.051770777	0	0.052635223	0.087234488	0	0.059233468	0.073634328	0.090080456	0.159742021	0	0.071657112
Pasteurellaceae	0.057324206	0.131076367	0.122800438	0	0.073344653	0	0.062934046	0.086553824	0.197397073	0.067250317	0	0.066970237
Vibrionaceae	0.055525054	0.058250939	0	0.052765149	0.055227248	0	0	0.060694432	0.089334038	0.080014466	0	0.077671935
Actinomycetaceae	0.054274424	0	0.080778784	0.060606552	0	0	0.086366999	0.214864819	0.142687686	0.11094067	0.285121557	0.140184434
Burkholderiaceae	0.053294398	0.083011898	0.121240722	0.119623423	0.05256525	0.05996365	0	0	0.140874957	0.180512955	0.123359631	0.151307951
Weeksellaceae	0.050829705	0.064339314	0.058725124	0.066086362	0.059549702	0	0.067294792	0.092082008	0.140242787	0.090323201	0	0.083488868
Coprobacillaceae	0	0	0	0	0	0	0	0	0	0	0	0
Rikenellaceae	0	0.193542937	0.486304967	0.253317043	0	0.809416947	0	0	0.363878735	0.072848394	0.1812908	0.239041045
Tannerellaceae	0	0.162717111	0.35401928	0.235081579	0	0.192690935	0	0	0.346010404	0	0.404701116	1.019718204
Prevotellaceae	0	0.126586484	1.268702084	0.247997729	0	0.118449974	0	0	2.706359039	0.16730176	0.061980605	0.107553368
Streptomycetaceae	0	0.076147784	0.142351297	0.13122503	0.051600604	0.073771382	0	0	0.156443102	0.25135298	0.19438188	0.171180301
Comamonadaceae	0	0.068821361	0.111429019	0.093424273	0	0	0	0	0.107232835	0.114730548	0.118600871	0.131628283
Sutterellaceae	0	0	0	0	0	0	0	0	0	0	0	0
Desulfovibrionaceae	0	0	0.057383043	0.059177368	0	0	0	0	0.124804122	0.075824248	0.055515874	0.088816283
Odoribacteraceae	0	0	0.288656294	0.121824519	0	0	0	0	0.158590958	0	0	0
Dysgonomonadaceae	0	0	0.144509509	0	0	0	0	0	0	0	0	0
Atopobiaceae	0	0	0.142478251	0.116979052	0.165049191	0.080677886	0	0	0.135444386	0.299740647	0.214781696	0.144105786
Micrococcaceae	0	0	0.116869889	0.081142466	0	0	0	0	0.189818646	0.101759558	0.146569809	0.070626
Corynebacteriaceae	0	0	0.113986228	0.080829116	0.054035938	0	0	0	0.07554054	0.107124103	0.086295175	0.111610119
Rhizobiaceae	0	0	0.075265369	0.077580972	0	0	0	0	0.081252922	0.110893964	0.088216637	0.112208997
Sphingomonadaceae	0	0	0.064837035	0.058741735	0	0	0	0	0.06229543	0.074296287	0.059682034	0.074490068
Mycobacteriaceae	0	0	0.062515597	0	0	0	0	0	0	0.072768326	0.069002021	0.080260132
Microbacteriaceae	0	0	0.061264197	0.053277209	0	0	0	0	0.05374209	0.071340449	0.057212866	0.063725878
Barnesiellaceae	0	0	0.060157887	0	0	0	0	0	0	0	0	0
Xanthomonadaceae	0	0	0.055007196	0.053537061	0	0	0	0	0.059797215	0.084104598	0.071345486	0.086858211
Akkermansiaceae	0	0	0.049421237	0.16863601	0	2.02599051	0	7.50513924	0.052584381	0.054019106	1.416287799	0.164535354
Treponemataceae	0	0	0	0.055822226	0	0	0	0	0.055806164	0.067483848	0	0.055664453
Yersiniaceae	0	0	0	0.051702815	0	0	0	0	0.070658357	0.07122702	0.056189284	0.072167461
Alcaligenaceae	0	0	0	0.051580532	0	0	0	0	0.062272581	0.077272142	0.068346569	0.081723479
Podoviridae	0	0	0	0	0.733082814	1.678618155	0	0	0.133403161	0.281111529	0.584806716	0.157932067
Peptoniphilaceae	0	0	0	0	0.059164898	0.057241148	0.052686292	0.070472451	0.066720622	0.099417573	0	0.086446807
Eubacteriales Family XIII. Incertae Sedis	0	0	0	0	0.053772374	0	0.054279176	0.108258577	0.066431195	0.133933486	0	0.070047952
Leptotrichiaceae	0	0	0	0	0.0512527	0	0	0.059919263	0.064481368	0.084925293	0	0.057117384
Zoogloeaceae	0	0	0	0	0	0	0	0	0	0	0	0
Saccharomycetaceae	0	0	0	0	0	0	0	0.097854983	0	0	0	0
Sphingobacteriaceae	0	0	0	0	0	0	0	0.063223934	0.100179948	0.060471239	0	0.064199773
Thermoanaerobacterales Family III. Incertae Sedis	0	0	0	0	0	0	0	0.055438237	0.054625605	0.080628319	0	0.062502083
Methanobacteriaceae	0	0	0	0	0	0	0	0	0.848372512	13.31775124	0	0
Chitinophagaceae	0	0	0	0	0	0	0	0	0.068563817	0	0	0
Morganellaceae	0	0	0	0	0	0	0	0	0.061632794	0.057802311	0	0
Pseudonocardiaceae	0	0	0	0	0	0	0	0	0	0.067243644	0.052041082	0.056153971
Roseobacteraceae	0	0	0	0	0	0	0	0	0	0.063600558	0.060220762	0.078119792
Arcobacteraceae	0	0	0	0	0	0	0	0	0	0.062926653	0	0
Thermoanaerobacteraceae	0	0	0	0	0	0	0	0	0	0.062519642	0	0
Mycoplasmataceae	0	0	0	0	0	0	0	0	0	0.06145207	0	0
Oxalobacteraceae	0	0	0	0	0	0	0	0	0	0.056668017	0	0.058388048
Acetobacteraceae	0	0	0	0	0	0	0	0	0	0.05616092	0.05100852	0.059481652
Bradyrhizobiaceae	0	0	0	0	0	0	0	0	0	0.053872314	0.050227365	0.058330764
Lawsonellaceae	0	0	0	0	0	0	0	0	0	0.05311167	0	0
Micromonosporaceae	0	0	0	0	0	0	0	0	0	0.052704658	0	0.050394322
Erwiniaceae	0	0	0	0	0	0	0	0	0	0	0	0.056304993
Neisseriaceae	0	0	0	0	0	0	0	0	0	0	0	0.052524247
Pectobacteriaceae	0	0	0	0	0	0	0	0	0	0	0	0.051649363