Datasets	1103_V2_D1	1103_V6_D29	2103_V2_D1	2103_V6_D29	2202_V2_D1	2202_V5_D22	3204_V2_D1	3204_V6_D29	3216_V2_D1	3216_V6_D29	3218_V2_D1
Ribosome LSU. bacterial	21630.375	20589.086	21338.69	21740.107	19343	19188.787	18583.66	17947.596	21795.72	21385.947	20084.139
Cell division cluster	18254.586	17086.451	18390.375	18124.947	16388	16943.396	17243.264	16661.549	18499.193	16841.004	16622.062
Heat shock dnaK gene cluster extended	16849.299	16233.984	16823.56	16391.426	14454	15668.923	14508.1455	14421.156	17011.037	16160.686	16304.78
Glycogen metabolism	15951.964	14034.95	15284.383	14897.673	13303	13380.82	15849.764	14964.795	15340.278	13497.013	13293.258
DNA repair. bacterial	15524.18	13785.948	14893.358	14832.582	12918	14222.079	12918.714	13016.6	15367.624	15181.404	14251.159
Glycolysis and Gluconeogenesis	15231.131	14917.688	16203.721	14977.375	12491	15021.39	13029.803	12808.425	16212.707	13717.223	14448.041
Universal GTPases	15223.047	14567.132	16102.227	15328.064	12576	13803.356	12709.354	13038.546	15881.024	15430.053	14611.604
DeNovo Purine Biosynthesis	14558.129	13451.992	14069.172	14575.543	12791	12682.949	11878.625	11944.371	14434.328	14627.232	13376.554
Galactose utilization	14361.416	14481.202	14925.076	14178.36	12999	14664.446	12509.148	11662.206	14997.129	11772.516	13153.169
Branched-Chain Amino Acid Biosynthesis	13740.287	11633.785	11802.318	11688.33	10161	10535.947	11161.427	11152.428	12389.546	11384.595	11194.96
Glycerolipid and Glycerophospholipid Metabolism in Bacteria	13466.101	12554.606	11084.157	12381.075	11296	10397.898	12775.885	13079.303	12229.88	12027.727	10183.294
Lactose utilization	12780.973	15306.328	13667.273	13424.51	11003	14455.466	10284.31	9169.746	12888.833	10314.168	14345.813
De Novo Pyrimidine Synthesis	12742.573	11891.576	12383.645	11704.2705	10276	10950.094	10479.631	10287.12	12573.029	12129.811	11670.503
Ribosomal proteins. single-copy	12187.465	11383.807	12528.183	11785.965	9534	10336.882	9006.172	9245.617	12333.972	12524.294	11394.112
Translation termination factors. bacterial	12149.738	11221.711	12348.303	12279.455	10891	10840.265	10561.423	10283.985	12408.953	12134.915	11107.878
RNA pseudouridine synthases	11766.417	10793.036	11452.073	11154.325	8906	10423.83	9940.055	9861.991	11662.669	10741.464	10472.558
High affinity phosphate transporter and control of PHO regulon	11680.187	10583.093	10877.997	11016.175	10690	10365.865	12183.205	11165.596	11318.638	11294.178	10397.592
Folate Biosynthesis	11028.742	9144.737	10280.359	9672.528	6966	9637.485	10309.945	9853.84	8461.411	6867.362	9375.324
Cell division related cluster	10946.555	11183.628	9814.121	9652.603	7945	9137.154	11442.202	10881.549	9816.366	8389.147	9444.232
RNA processing and degradation. bacterial	10520.791	9644.695	10304.374	10413.759	8631	9537.572	8638.112	8686.93	10474.437	10243.4375	9944.765
Pyridoxin (Vitamin B6) Biosynthesis	10290.395	8330.353	9294.869	9126.568	6693	7902.342	6575.6343	6881.6987	8929.823	8327.168	8152.39
NAD and NADP cofactor biosynthesis global	10006.104	9332.222	9274.934	8926.648	7627	8511.739	8223.663	8190.946	9841.066	8788.006	8754.392
DNA repair. bacterial RecFOR pathway	9989.935	9519.706	10061.513	10806.956	8392	9072.324	8332.921	7730.7026	10136.58	9779.683	9560.09
Fermentations: Mixed acid	9930.651	9235.55	8392.75	8488.286	6799	8388.944	10033.442	10169.238	10163.044	9622.182	8337.913
Lysine DAP biosynthetic pathway	9874.736	9544.118	9366.459	10140.778	8765	8594.874	10407.606	9981.128	10796.415	11165.113	9346.55
Pentose phosphate pathway	9676.676	8409.448	7635.1685	7963.5796	6776	7609.465	7915.421	8280.611	7891.554	8309.668	7995.6426
DNA Repair Base Excision	9487.373	8983.618	7926.9644	8104.387	7425	7919.121	8761.409	8089.366	8304.392	7697.891	8026.689
Biotin synthesis & utilization	9290.66	8035.456	8101.407	8051.2524	6797	7205.996	9657.448	8659.967	7618.0933	7501.0137	8245.53
Nonmevalonate Branch of Isoprenoid Biosynthesis	9000.9795	8421.166	9087.351	8858.901	7012	8394.283	7931.901	7681.794	9560.548	8545.92	8724.859
Polyamine Metabolism	8847.381	7973.9375	8125.4214	7846.019	7086	7531.6694	9444.425	8444.268	7956.832	6039.749	7386.8257
Pyruvate metabolism I: anaplerotic reactions. PEP	8687.046	9634.931	9531.84	9131.217	6506	8950.292	7480.8296	8262.428	9447.635	7772.2666	9613.096
Chorismate Synthesis	8427.008	8099.904	7722.1636	8475.002	7852	7280.7407	8787.045	8199.098	8427.891	7858.309	7439.075
Folate biosynthesis cluster	8065.2437	7981.7495	8180.2466	8697.504	7070	7556.0757	8268.221	7600.9067	8732.226	8467.898	7785.8887
YrdC-YciO-Sua5 and associated protein families	8063.2227	7809.889	8345.175	7928.378	5767	7039.727	6192.3154	6682.302	7889.79	7787.579	7704.107
DNA repair. bacterial RecBCD pathway	8018.7603	6347.1216	6183.893	6702.292	6753	6498.21	8666.8	8140.783	6366.3477	5966.8315	5053.785
DNA processing cluster	8002.592	7172.2476	7173.008	7240.282	6146	6937.5254	7007.174	7251.0215	6885.0415	6459.024	6969.5894
Histidine Biosynthesis -- gjo	7692.0273	6875.3975	7159.8677	7154.602	6221	6232.79	6739.827	6418.3203	7334.0464	7414.971	6401.663
Nudix proteins (nucleoside triphosphate hydrolases)	7630.0493	7236.695	7292.173	7369.7983	5485	6630.157	7529.05	6676.0312	7849.212	6518.0874	6291.107
F0F1-type ATP synthase	7045.9727	5882.317	6972.7383	6773.36	7104	7074.8115	7994.16	7488.6675	6986.4863	6165.896	6412.2646
Cysteine synthesis	7031.8257	7338.249	7179.351	6910.846	5312	6161.859	6808.1895	6543.7275	7395.796	5616.828	6550.8384
DNA internalization-related cluster	6979.9526	6013.1655	6293.543	6681.7026	6405	6049.7417	8280.429	7164.491	6456.325	5570.89	5382.4253
Fatty acid synthesis	6969.847	6682.054	5874.4263	5547.2744	4585	5721.7803	5395.1577	5815.7407	5384.5347	4490.9834	5965.496
Proline biosynthesis (for review)	6563.621	5248.581	5589.8804	4893.052	5155	5618.816	3973.5803	4317.1294	5435.698	5463.7017	5229.464
Antibiotic targets in DNA processing	6482.1064	6345.1685	6848.589	6763.3975	6096	5846.1006	5965.2534	6040.2188	6719.2007	6678.5054	6527.3643
Cobalamin synthesis from Cob(II)yrinate a.c diamide	6377.0127	5174.3687	5204.7466	5102.9346	5138	5190.178	5328.626	5104.684	4677.0645	3978.3738	4507.819
Copper Transport System	6300.8877	5893.058	6565.8555	6679.046	5418	5689.747	6472.48	6467.856	6934.441	6885.591	6162.377
Ribosomal proteins. zinc requirement	6185.689	5163.6274	5361.5186	5132.8228	3805	4406.1216	4616.922	4621.868	5307.789	5672.245	4897.0376
Antibiotic targets in transcription	6109.5635	5595.232	5729.8877	5846.1577	5893	5283.2275	5694.244	5529.186	5805.3115	6327.0435	5341.5347
IMP and Xanthine conversion to XMP and GMP module	6097.4375	5452.6655	5506.9634	5520.0425	4819	5086.4507	5011.8384	5040.0996	6209.328	5866.9346	5545.988
Translation elongation factors. bacterial	6088.6797	6030.742	6626.1177	6251.9746	4925	5698.8994	4922.7227	4873.3086	6747.4287	5925.998	6024.56
Ribonucleotide reduction	6074.5327	6102.025	6034.37	6342.9683	5768	5547.885	5635.648	5782.508	6812.7065	6649.3384	6036.6763
Riboflavin. FMN and FAD metabolism with fusion events	6015.923	5774.9043	5806.9146	5751.179	4328	5488.394	6738.6064	5963.0938	5473.63	4087.75	5714.094
DNA repair. UvrABC system	5935.0815	5763.1865	6460.283	6501.7085	5736	6042.1147	5314.5874	5129.7656	6474.85	6429.128	6272.933
Antibiotic targets in cell wall biosynthesis	5815.8413	5443.8774	5801.9307	5842.1724	4737	4817.98	4976.436	5011.8833	5828.247	5928.9146	5285.499
Phenylalanine and Tyrosine synthesis 1	5802.3677	4854.0835	4916.1226	5008.62	3981	4402.308	4493.0146	4310.232	4915.24	4866.508	4373.7886
Metabolite repair	5785.526	5586.4434	5294.46	5448.9746	3579	4776.7944	4061.475	4350.3623	4920.533	4292.648	5795.118
Thiamin. thiazole. hydroxymethylpyrimidine salvage and uptake	5724.221	5292.523	6156.254	5943.1284	5588	6483.7183	6429.7534	6237.1074	5763.8516	5423.5967	5625.4976
Anaerobic module of TCA	5691.211	5151.9097	5356.0815	4891.7236	4916	4333.665	5094.2397	4732.226	5755.0303	5007.968	4408.621
Macromolecular synthesis operon	5593.5283	5137.2627	6147.645	5363.295	4733	5785.0845	5098.5127	4793.0483	6022.316	5098.3853	5733.025
Resistance to Daptomycin	5578.0337	6061.9893	5957.797	5916.561	4562	5529.58	5249.2764	4648.2036	6174.043	5384.2217	5767.858
Translation initiation factors. bacterial	5485.74	5467.313	5611.629	5429.0493	4482	5288.5664	4398.4053	4505.2397	5547.729	5380.5757	5475.565
Queuosine and archaeosine	5460.814	5339.394	5228.7607	5475.5425	3760	4807.3022	3639.702	3754.0527	4953.172	5080.156	5421.8013
S-Adenosyl-L-homocysteine recycling	5371.889	4892.166	5124.548	4905.6714	4448	4873.657	4410.003	4506.4937	5037.8564	4773.174	4687.2837
Type I restriction-modification systems	5185.9546	5354.041	8632.893	7104.7886	3913	5502.1226	4724.349	4633.7817	7154.092	6193.6045	6984.734
5-methylaminomethyl-2-thiouridine	4901.6636	5340.3706	5311.2246	5032.531	3173	4782.1333	4454.5605	4197.993	4986.693	3923.6858	4847.06
Antibiotic targets in protein synthesis	4810.0435	4637.3047	4654.2314	4644.6465	3999	3844.0115	3882.0232	3955.3308	4583.5586	5269.012	4306.3945
tRNA aminoacylation. Asn	4746.0444	4865.8013	4747.1167	4782.133	4172	4702.8125	4621.1943	4643.187	5147.241	4432.6494	4635.034
DNA repair. bacterial MutHLS system	4603.899	4458.609	4445.3525	4179.0527	2646	3891.2988	3404.0947	3537.726	4528.866	3622.5369	3955.7947
Bacterial checkpoint-control-related cluster	4527.0996	4535.7505	4566.783	4590.1836	3884	4146.8037	3721.493	3580.9915	4754.6924	4552.963	4082.253
V-Type ATP synthase	4498.132	4876.5425	3295.388	4579.5566	3744	3168.2585	3921.698	3860.6487	3404.148	4130.042	3293.9714
Sporulation proteins SpoVA cluster	4447.606	4000.6396	3646.9927	3265.7983	2414	2769.3662	3976.0217	3977.904	3318.581	2851.0708	3074.3733
Signal peptidase	4436.827	4359.9844	4379.2	4252.1133	3413	4094.1772	3808.167	3683.198	4309.2153	3833.2683	4195.8384
Proline Synthesis	4385.628	4146.1353	4038.0168	4002.3796	3289	3615.2012	3581.1052	3641.1868	4296.8657	3882.1228	4150.4043
Dpp dipeptide ABC transport system	4384.281	4901.9307	4724.0083	6584.0674	8768	4922.47	8401.284	6978.889	5478.0405	7319.4497	4628.219
Aspartate to Threonine Module	4334.4287	4087.5464	4011.284	4499.8545	3950	3758.5889	3827.0889	3769.1016	4202.4775	4426.816	3873.256
Sporulation proteins SigEG cluster	4303.4395	4044.581	4463.9297	4001.7153	3382	3899.6885	4190.876	4379.2056	4279.223	3651.7039	3510.5408
Utilization systems for glycans and polysaccharides (PULs. SUS)	4303.4395	28361.87	14319.735	15969.003	913	25182.852	847.2088	1454.0919	9878.998	3392.118	27651.943
N-acetylneuraminate utilization	4262.345	4226.2065	3566.341	3475.0166	4594	4283.327	5674.1016	4933.504	3298.292	2918.8838	3652.1436
Tryptophan synthesis	4255.6084	3733.084	3581.7463	3876.8486	2968	3021.0574	3574.391	3498.85	3709.3657	3382.6387	3219.0054
Protein chaperones	4253.5874	3883.462	4168.5093	4208.277	3421	3657.1497	3332.0698	3424.233	4109.8535	4251.814	4006.5295
Flagellum	4232.7036	2959.7117	2421.8132	803.664	588	2357.5078	4594.948	3433.6384	2840.4656	212.91884	1537.1866
Cobalamin synthesis. Precorin-2 to Cob(II)yrinate a.c diamide. anaerobic	4187.5674	3635.436	3670.1006	3739.3623	3717	3883.6719	3614.066	3190.349	3412.0872	3648.0579	3498.4248
Xanthine dehydrogenase subunits	4128.2837	2958.735	2674.1895	2769.652	3579	2606.1482	5926.189	4984.2935	2796.359	2434.7124	1809.7913
Cell division related cluster including coaD	3953.8018	4302.372	4839.0957	4646.639	3260	4265.022	3200.2275	3179.6897	4380.668	3882.1228	4529.779
dTDP-rhamnose synthesis -- gjo	3848.7085	4294.56	5476.6055	5579.1553	4393	5097.891	3756.895	4197.3657	5448.93	4216.0845	4925.055
Antibiotic targets in metabolic pathways	3776.6252	3769.2136	3866.7456	4319.8604	3928	3790.6223	3105.6184	3147.711	4215.7095	4333.4814	4238.243
Biogenesis of c-type cytochromes	3770.562	3888.3442	4344.7646	4169.0903	3769	3810.4526	4084.0593	3880.0867	4191.892	4092.8542	4278.377
Magnesium transport	3767.8674	3638.3655	4275.4404	3623.13	3033	3270.4604	6310.1187	5655.22	4314.5083	4055.6663	3481.0085
Metal chelatases	3687.0264	2870.8518	2822.8057	2695.2632	2222	2724.367	3058.6191	2885.6106	2503.491	2205.7517	2336.8267
tRNA aminoacylation. Gln	3625.048	3132.5486	3367.8838	3154.8794	2709	2685.469	2549.5615	2851.7507	3310.6418	3883.5813	2854.018
tRNA thiolation	3574.5225	3388.3865	3126.8352	3095.1028	2637	3209.4443	2808.363	2767.7283	3572.6353	3179.199	2985.0198
Pyruvate Alanine Serine Interconversions	3570.4805	2971.4294	2810.119	2935.0342	2214	2517.675	2463.4978	2327.5503	3218.018	2909.4045	3150.854
RuvABC plus a hypothetical	3565.7646	3630.5535	3873.542	3765.2656	2928	3466.4746	2600.2231	2827.2966	3582.3386	3520.4524	3813.4346
Fe-S cluster assembly	3565.091	4164.688	4115.9497	3896.7742	3798	4326.038	2937.7637	2864.2915	4643.5435	3801.9138	4214.769
DNA repair. bacterial UvrD and related helicases	3553.6387	3012.4417	3573.5906	3657.6675	3196	2812.84	3665.338	3311.3667	3591.16	4337.8564	3177.3574
Chaperones GroEL GroES and Thermosome	3531.4072	3259.491	3736.706	3686.8916	2984	3378.0012	2749.156	2831.6858	3673.1982	3713.6836	3428.002
Coenzyme A Biosynthesis cluster	3512.5444	3382.5276	3342.9631	3641.727	2012	3061.4805	3273.4734	3056.164	3044.238	2329.7112	3178.8718
DNA repair. bacterial SbcCD exonuclease	3506.4812	3526.07	2989.9993	3327.5676	2619	2884.534	2906.6343	3135.7974	3415.6157	3131.8027	2732.8606
Glutamine synthetases	3490.9868	3557.3176	3688.2246	3857.5872	3232	3328.4258	3265.5383	3249.2905	3644.088	3561.2864	3531.7432
Trk and Ktr potassium uptake systems	3473.4712	3535.835	3372.4146	3732.7205	3018	3210.2073	3437.0554	3330.805	3510.886	3045.031	3003.1934
Pyruvate metabolism II: acetyl-CoA. acetogenesis from pyruvate	3406.7773	3494.8228	3719.4883	3890.7966	3019	3261.308	3296.0574	3013.5256	4502.4023	3958.686	3398.47
Potassium-transporting ATPase	3400.7144	2913.8171	2113.706	1928.1294	1983	2104.2913	1654.7429	2116.867	1838.3634	1967.3116	2105.1128
Hfl operon	3354.2307	3692.0718	3810.5613	3793.1614	3356	3446.6443	3998.606	3734.6147	4131.025	3666.2874	3672.5889
tRNA aminoacylation. Pro	3331.3257	3070.054	3241.922	3348.1572	2555	3061.4805	2703.9878	2663.6406	3321.2275	3430.7642	3027.4248
Molybdenum cofactor biosynthesis	3323.2415	2819.0984	2238.7615	2267.528	1960	2071.495	1794.5201	1754.4413	2084.4783	2191.8972	1625.7832
Replication-associated recombination protein RarA	3276.7578	3104.2307	3818.264	3603.8687	2774	3096.5647	2744.273	2871.816	3326.5203	3718.7878	3347.735
Arginine biosynthesis	3245.7688	3333.7036	2796.5261	3096.4312	2364	2711.401	2535.5227	2301.2148	3241.8357	2974.301	3197.8027
Two cell division clusters relating to chromosome partitioning	3179.7485	2588.6492	2781.1206	1991.8912	1381	2485.6416	1076.712	1662.2672	2709.0278	2240.0227	2613.9746
Fermentations: Lactate	3087.455	2540.8015	2915.238	2709.8752	3154	2561.9116	1293.3973	1136.1857	2273.2546	2950.9675	2605.645
Adenosyl nucleosidases	3054.445	3146.2192	3290.4038	3153.551	2440	2847.1616	2756.4805	2748.2903	3340.6345	2961.9053	2974.4185
DNA repair system including RecA. MutS and a hypothetical protein	3039.624	3162.8196	3390.9917	3159.5288	2257	3165.2078	2011.2054	2435.4001	3307.9956	3124.511	3462.835
tRNA aminoacylation. Lys	2995.8352	2526.1543	2813.744	2683.9722	2268	2613.0125	2481.1987	2187.0947	2866.0474	2722.0068	2333.7979
tRNA aminoacylation. Ala	2972.9302	2723.4033	2823.2588	2828.7644	2342	2581.7417	2685.6763	2640.4404	2762.838	2582.0054	2791.1675
tRNA aminoacylation. Phe	2943.9622	2767.345	2885.7866	2830.757	2722	2703.774	2345.0837	2444.8057	2868.6936	2956.801	2715.444
Methylthiotransferases	2927.794	2799.5688	3268.655	3018.0574	2194	2850.2124	2179.6707	2372.6968	3064.527	3077.8438	2954.7302
Murein hydrolase regulation and cell death	2896.1313	3147.1958	3619.8066	3372.0679	2366	3514.5247	3311.317	2900.0325	3327.4023	2436.9	3238.6934
Resistance to Triclosan	2838.869	2368.9412	2268.213	2259.5579	1957	2148.5278	2119.8533	2062.942	2237.0872	1809.81	2051.349
tRNA aminoacylation. Asp	2835.5005	2628.6848	2820.5403	2713.8604	2230	2429.2017	2367.0576	2478.0386	2863.401	2905.0295	2379.989
D-gluconate and ketogluconates metabolism	2758.7014	2263.4812	1952.856	2206.423	2034	1815.9904	1618.12	1310.5011	2222.973	1516.6821	2166.4487
Stringent Response. (p)ppGpp metabolism	2758.7014	2826.9104	3135.444	3105.7297	2545	2804.4504	2262.072	2256.6956	3140.3904	3230.2412	3054.6853
RNA polymerase. bacterial	2724.344	2383.5884	2561.3677	2484.7166	2010	2343.0166	2262.072	2224.7168	2737.256	2667.3188	2395.1338
Peptidase clustering with DAP	2708.8494	2603.2964	2916.144	2821.4585	1620	2298.017	2299.9155	2274.2524	2743.431	2122.6257	2546.5808
Ribonuclease H	2694.7021	2524.2014	2897.5671	2861.3096	1975	2414.7104	2209.579	2182.7056	2858.1082	3018.7808	2683.6401
NhaA. NhaD and Sodium-dependent phosphate transporters	2669.7764	2691.1794	3004.4983	2982.8555	2597	2956.2278	2370.7197	2310.6204	4138.964	3331.5964	2854.018
CRISPR proteins	2663.0396	2758.5566	2083.3484	2260.222	2461	3043.9385	1304.9946	1121.1368	1792.4926	944.28046	1882.4858
NiFe hydrogenase maturation	2649.566	1897.3011	1203.8837	1364.2363	2015	1464.3853	744.05444	1142.456	1738.6825	2566.6929	1525.0709
One-carbon metabolism by tetrahydropterines	2616.556	2657.0027	2505.1836	2683.9722	2041	2112.681	1646.808	1660.3861	2734.6096	3062.5312	2498.875
Type IV pilus	2586.914	1071.1989	426.8191	485.51935	313	450.7561	2796.1553	2282.4038	331.68167	111.56364	658.7943
Toxin-Antitoxin system HigAB	2578.83	2109.1973	2021.727	1206.1602	1672	2142.4263	2362.785	1803.9769	1764.2643	735.73663	1562.1754
Cardiolipin biosynthesis	2576.809	2399.212	1939.2631	2073.586	1917	1788.5331	2475.095	1904.9294	2606.7004	1941.0614	1659.1016
Fusidic acid resistance	2569.3987	2375.7764	2371.9724	2391.0664	2208	2027.2584	2115.5806	2109.3425	2397.6353	2484.2961	2345.9136
Pyruvate:ferredoxin oxidoreductase	2527.6306	2342.5762	2235.1365	2164.5793	1796	2150.816	1820.1561	2114.359	2290.8972	2626.485	2299.7222
Fatty Acid Biosynthesis FASII	2503.3784	2385.5413	2207.9507	2536.523	2501	2407.0833	2315.7854	2303.7231	2730.199	2590.7556	2380.7463
FtsEX cell-division-associated signaling system	2466.3262	2269.34	2691.4072	2539.1797	1833	2449.7947	2391.4727	1941.2974	2778.7163	2485.7544	2517.0486
Sporulation-associated proteins with broader functions	2413.106	2244.928	2054.35	2039.0483	1917	2313.2712	3382.121	2967.125	2701.9707	2309.2944	2125.558
Inositol catabolism	2409.7375	1675.6401	1491.1483	1429.3264	1437	1459.8091	1201.2299	995.73004	1811.0173	1456.8899	857.9471
Hyperosmotic potassium uptake	2394.243	2533.9663	2924.2998	2385.753	1834	2641.2324	1985.5693	2123.7644	2695.796	1958.5616	2629.8765
Putative oxidase COG2907	2360.559	1573.1096	1053.0017	1451.2445	1588	1039.561	2626.4695	2113.7317	1503.1532	1558.9742	977.59015
Purine nucleotide synthesis regulator	2341.6963	2202.9395	2267.3066	2267.528	2102	1979.2083	1662.6779	1869.8156	2529.0728	2660.027	2462.5276
Phd-Doc. YdcE-YdcD toxin-antitoxin (programmed cell death) systems	2302.623	2939.2056	2288.1492	2065.6157	1866	2290.3901	1693.8073	1637.1859	2659.6284	1828.7687	2253.5308
tRNA aminoacylation. Val	2230.5398	2033.0319	2057.0688	2131.37	1791	1875.481	1618.12	1640.9481	2052.7214	2151.7927	1982.4408
Histidine Biosynthesis	2219.0874	2049.632	1977.3234	1728.8739	1624	1931.1581	1468.5767	1573.2284	2310.304	1935.9572	1633.3555
Ribonuclease J family	2161.825	2210.7512	2458.9673	2300.7373	1915	2111.9182	2512.9385	2311.8745	2634.9287	2410.6497	1836.2944
Widespread colonization island	2154.4146	2015.4552	1686.887	1803.9269	2153	2010.479	2890.7644	2346.3613	2476.145	2002.312	1765.8716
HPr catabolite repression system	2147.004	2515.413	2792.9014	2175.8706	2560	3001.227	2768.6882	2566.4504	3531.175	2202.1057	2479.944
D-Galacturonate and D-Glucuronate Utilization	2105.91	6373.4863	4663.2935	5708.007	1884	5877.3716	952.19434	1152.4885	4008.4084	2320.9612	5972.311
Lambdoid phage	2060.0999	1553.5801	243.76718	395.85434	904	784.0563	1578.4453	1454.719	783.3333	405.4208	726.94543
tRNA aminoacylation. Met	2054.7104	1907.0659	2163.5469	2265.5354	1907	1850.3119	1798.1824	1800.2147	2235.3228	2556.4844	1997.5854
Entner-Doudoroff Pathway	2042.5844	2075.0205	1511.0846	1835.8077	2266	1572.6888	2786.9995	2407.1836	1905.4054	1776.9973	1606.0951
Damaged nicotinamide nucleotide NAD(P)HX repair	1988.6903	1846.5242	1635.6868	1549.544	1239	1617.6881	1226.8658	1405.8103	1625.7695	1623.1415	1572.0195
Carbonic anhydrase	1968.48	1823.0886	2027.1642	1982.5927	1075	1899.1246	1278.7482	1153.7427	1944.2192	1321.9927	2022.5742
Undecaprenyl-diphosphatases	1953.6592	1684.4285	1745.7898	1799.9418	1627	1600.146	1602.8605	1529.336	1986.5615	1881.2692	1647.743
tRNA aminoacylation. Ser	1949.6171	1934.4073	1990.9163	1980.6001	1407	1682.5177	1683.4308	1587.6501	2017.4362	2017.6248	1796.161
Methylglyoxal Metabolism	1919.9753	1903.16	1854.9867	1778.0236	1043	1691.67	1142.0228	1184.4673	1556.9633	1395.6392	1875.6707
tRNA nucleotidyltransferase	1893.0283	1889.4893	1764.3668	1706.9558	1710	1766.4148	1502.758	1377.5938	2278.5474	1701.8923	1740.1256
KDO2-Lipid A biosynthesis	1880.9022	2520.2954	2110.0813	2395.7158	170	2185.1375	316.78775	581.26056	1241.1599	385.0039	3172.814
D-3-phosphoglycerate to phosphoserine module	1880.9022	1767.4292	1773.882	1872.3379	1534	1219.5583	2361.564	1899.9132	1765.1464	1907.5194	1558.3893
L-serine dehydratase subunits	1866.0813	1856.289	1722.6818	1928.1294	1521	1637.5183	1785.9749	1662.8943	1681.3439	1701.1632	1774.2012
Amino acid racemase	1844.5237	1741.0642	1994.5411	2041.7051	1537	1563.5364	1883.0254	1613.9856	1945.9835	2078.8752	1856.7397
YoeB-YefM toxin-antitoxin system	1818.9241	1341.6838	1365.6399	1333.6837	2060	2174.4597	3208.773	2772.7446	1933.6337	1774.0806	2000.6144
tRNA aminoacylation. Leu	1795.3453	1677.593	1849.0963	1785.3296	1486	1686.3312	1354.4354	1416.47	1874.5308	1908.2485	1758.2993
Biotin biosynthesis	1793.998	1433.473	1744.4305	1780.6803	1378	1918.1923	1864.1035	1517.4224	1357.6013	1203.1372	1450.8619
Acetyl-CoA Pathway Wood-Ljungdahl	1775.8088	2184.3862	1895.3125	3305.6494	3826	1915.904	2993.3083	2769.6094	2552.8904	2948.0508	1541.7301
Methylenetetrahydrofolate reductase	1774.4614	1913.9012	1955.5746	1862.3751	1904	1775.5671	2029.5168	1860.41	1880.7057	1624.5999	1799.9471
Propanediol utilization	1756.9459	1727.3936	826.9054	1507.7003	1953	1221.0837	3725.7656	3894.5085	1427.2898	1276.0547	1191.1304
Sporulation proteins SpoIIIAA-SpoIIIAH	1750.2091	1409.061	1033.5184	1107.1967	1224	1105.916	1563.7961	1548.774	1133.5398	987.3017	939.7284
tRNA aminoacylation. Trp	1750.2091	1684.4285	1816.0201	1600.6862	1389	1450.6567	1283.6312	1388.8804	1793.3746	1755.1221	1633.3555
tRNA aminoacylation. Arg	1744.8197	1664.8988	1800.1617	1671.0898	1456	1577.265	1309.2672	1358.1558	1826.0135	1762.4138	1596.251
tRNA aminoacylation. Thr	1743.4724	1656.1105	1737.634	1699.6498	1485	1553.6213	1538.7705	1528.709	1857.7703	1857.9355	1690.9054
Bile hydrolysis	1740.104	1814.3003	1753.0394	1757.4338	1535	1410.2335	2052.1008	1865.4263	1914.2267	1873.2483	1609.124
Chemotaxis in Escherichia coli and Bacillus subtilis	1709.7886	1367.0724	1570.8937	556.58716	296	1247.0156	1898.2849	1679.8242	1890.4092	602.2978	945.7863
tRNA aminoacylation. His	1661.2839	1505.7325	1743.5243	1700.9781	1316	1380.4883	1162.1654	1298.5875	1644.2943	1801.06	1668.1884
tRNA aminoacylation. Glu	1659.263	1549.6742	1742.6182	1683.0452	1372	1452.9448	1361.1497	1409.5725	1662.8191	1690.9547	1609.124
Cell division initiation related cluster	1646.4631	1698.0991	1776.1475	2310.7002	2733	3082.8362	1186.5807	1073.4823	1822.485	2553.5676	2881.2786
tRNA aminoacylation. Cys	1645.1157	1688.3344	1787.0219	1645.1865	1408	1536.8419	1289.1246	1341.8529	1817.1923	1913.3528	1680.3041
Translation elongation factor G family	1641.0736	1330.9426	1542.8015	1534.9319	1514	1523.876	1760.3387	1553.7904	1534.9099	1362.8264	1296.386
tRNA aminoacylation. Gly	1631.6422	1613.1454	1754.3987	1762.0831	1355	1590.231	1335.5137	1313.0093	1743.0931	1844.8104	1708.3218
Fatty Acid Biosynthesis cluster	1607.3899	1865.0773	1720.8694	1997.8689	1653	1784.7196	1806.1174	1666.6565	1456.4001	1588.1411	2012.7302
tRNA aminoacylation. Tyr	1602.6742	1494.9912	1730.3845	1609.3206	1250	1443.7924	1415.4735	1339.9718	1646.0586	1702.6215	1615.1819
Isoprenoid Biosynthesis: Interconversions	1579.0955	1454.9556	1225.1793	1447.9236	1531	1616.1627	1840.2987	1674.1809	1606.3627	1277.5131	1190.3732
Acyl carrier protein	1568.9904	1382.696	1242.397	1298.4819	1266	1208.8806	1484.4465	1323.0419	1117.6614	1133.8657	1035.8972
DNA repair. bacterial DinG and relatives	1561.58	1468.6262	1869.0327	2095.5042	1881	1769.4656	2228.501	2224.7168	1990.9723	2215.231	1643.9568
RecA and RecX	1555.5168	1484.25	1524.6776	1526.2975	1046	1372.0985	1262.268	1222.0894	1564.0203	1218.45	1535.6722
Conjugative transfer	1539.3486	427.69833	0.45309883	2.6567404	0	0	26.856764	2.5081363	0	0.7291741	3.0289392
Mupirocin resistance	1530.5908	1339.7308	1532.3802	1580.7606	1468	1542.1808	1836.6365	1508.0168	1626.6516	1533.4531	1448.5902
Cell envelope-associated LytR-CpsA-Psr transcriptional attenuators	1518.4647	1115.1404	873.5746	884.6946	953	1103.6279	443.74698	595.6824	1106.1937	967.614	865.5194
Selenocysteine metabolism	1502.9702	950.1153	717.70856	680.78973	1037	712.3624	916.1819	860.9177	937.7065	1169.5952	547.4808
Cluster containing Glutathione synthetase	1482.7599	1536.0034	1810.1299	1837.8003	1453	1725.2289	1361.1497	1385.1182	1680.4617	1629.7041	1712.8652
Bacterial cell division related cluster 2	1469.9601	1349.4957	1367.9054	1289.1833	1142	1235.5751	1273.2548	1270.371	1371.7155	1438.6605	1407.6996
Biosynthesis of Arabinogalactan in Mycobacteria	1463.897	1405.155	1788.8342	1684.3735	1283	1627.6033	1777.4294	1469.1407	1882.47	1860.8523	1535.6722
dTDP-rhamnose synthesis	1452.4445	1146.3878	1608.954	1344.3107	1122	1305.7435	743.44403	843.3608	1409.6472	1314.7009	1288.0564
Tripartite multidrug efflux systems (of RND type) in Pseudomonas	1451.0972	459.92218	343.4489	536.66156	56	370.67252	142.82915	401.92883	80.274025	14.583482	548.99524
ATP-dependent RNA helicases. bacterial	1437.6237	1610.216	1871.2982	1522.3124	1042	1886.9215	941.8179	1214.565	1490.8033	969.0724	1933.9778
Biotin synthesis cluster	1432.908	890.55	617.5737	675.47626	411	630.7535	943.03864	723.5973	426.95197	358.02448	636.8345
SecY2-SecA2 Specialized Transport System	1409.3292	537.06415	40.778896	59.112476	12	6.864306	1543.6536	1249.0519	265.52176	45.93797	129.48715
Repair of Iron Centers	1373.6245	1145.4114	1039.8618	557.9155	217	816.8524	918.013	779.4033	958.8776	336.14926	683.7831
CtsR and MscAB regulation of protein degradation	1364.8667	1223.5298	1074.7505	1187.563	1085	896.936	1252.5018	1250.9329	1271.1525	1575.016	797.3683
Heme. hemin uptake and utilization systems in GramPositives	1346.0038	1395.3903	1279.098	1155.6821	1195	1178.3726	1451.486	1533.0983	1390.2402	1235.221	1452.3763
Urea cycle	1300.1938	1436.4025	1676.0126	2050.3396	1917	1243.2021	2812.0251	2095.5479	1711.3363	1441.5771	1316.8314
rRNA modification related cluster including tlyA	1263.1417	1007.7276	1556.3945	1813.8896	2407	1288.2014	1308.6569	1269.7439	1596.6592	2409.9204	1756.7848
Lipoylated proteins	1243.6051	1304.5776	1114.6232	1231.3993	626	1301.1674	498.0709	632.67737	542.5113	998.2393	1943.0646
Arsenic resistance	1235.521	867.11444	1094.6868	1199.5183	675	640.6686	775.79425	614.49335	799.21173	869.90466	527.79266
Proteasome bacterial	1201.1636	472.61642	432.70938	595.77405	137	317.28348	258.19116	268.99762	291.1036	401.77493	215.81192
Diaminopimelate Synthesis 	1200.4899	935.4681	1508.8191	1228.7426	1016	1578.7904	1102.348	1004.50854	858.3146	576.04755	826.1432
Pyruvate formate-lyase cluster with possible role in choline utilization	1199.8162	1143.4584	539.64075	789.7161	692	505.67056	1221.3723	1250.3059	677.4775	508.23434	448.28302
Ribosome activity modulation	1180.2795	1047.7633	1148.1525	1286.5266	957	975.49414	1026.6609	958.73505	1330.2552	1340.2219	1113.1353
Copper homeostasis: copper tolerance	1168.1534	1177.6351	964.6474	1097.2339	973	1221.0837	1054.1279	906.0642	896.2463	644.5899	1019.9953
Nucleoside uptake and degradation cluster	1154.6799	945.23285	1069.3132	1530.2826	1823	1155.4916	830.11816	1148.0994	1243.8063	1904.6028	1370.5951
Glutathione: Non-redox reactions	1150.6378	1076.0812	671.03937	834.21655	878	893.1225	946.0906	775.6411	916.5353	963.96814	824.6287
DAP (1.3-diaminopropane) production	1142.5537	1093.6578	1186.6659	1071.3306	790	1142.5256	1194.5156	1017.6763	1014.45197	670.84015	1082.8458
Arginine biosynthesis via N-acetyl-L-citrulline	1112.2384	1323.1307	1393.2789	1253.9816	926	964.05365	1321.4749	1235.8842	1107.958	1235.221	1172.1995
Peptidyl-prolyl cis-trans isomerase	1110.891	1450.0731	1556.3945	1318.4075	1139	1414.047	605.4979	738.01904	2340.2966	1935.228	1676.518
Heme Biosynthesis: protoporphyrin-. coproporphyrin- and siroheme-dependent pathways	1095.3965	863.20856	814.6717	761.1562	781	862.61444	962.57086	1228.9867	903.3033	803.54987	760.2638
Cold shock proteins of CSP family	1091.3544	986.24506	1116.4355	1087.2711	850	990.74817	767.2489	865.934	1033.8589	866.2588	957.14484
TCA Cycle	1067.7758	1279.1891	1155.8551	1651.8285	656	1299.642	337.54068	383.74484	709.23425	1443.7646	1926.4054
Coenzyme A -- gjo	1030.0499	1019.4454	1087.4373	1017.5316	777	956.42664	485.86328	580.0065	867.13586	877.9256	1159.3265
Dihydroxyacetone kinases	1014.5554	419.8865	174.89615	352.01813	376	523.21265	786.7811	959.98914	417.2485	465.94223	365.74442
Resistance to Vancomycin and Teicoplanin	1009.166	776.3018	826.9054	780.41754	867	799.3103	1402.0452	1402.0481	1164.4144	1204.5956	625.47595
Sporulation Cluster	1008.4923	898.3618	968.2722	590.4606	714	849.64856	516.9927	645.218	883.8964	554.9015	878.3924
Coat proteins CotJABC	990.3031	1077.0577	822.8275	1020.18835	939	874.055	1342.2278	1275.3872	1154.7109	929.69696	701.95667
GDP-fucose to mannose-1P module	962.6824	2005.6904	1712.7136	1754.1129	884	1648.9589	169.68591	374.96637	2217.6802	1233.0334	2186.8943
Ribosomal hibernation related cluster	955.272	950.1153	656.0871	687.43164	85	668.8885	115.36201	115.37427	433.1269	148.75151	932.15607
Nickel-requiring	926.9776	1019.4454	961.02264	1477.1477	1562	1048.7134	2316.396	1905.5565	1408.765	1458.3481	863.2477
Succinate dehydrogenase and Fumarate reductase cpmlexes	915.5251	964.76245	779.33	755.8427	189	540.75476	422.38364	422.62094	692.47375	361.67035	920.04034
Threonylcarbamoyladenosine	891.9465	872.9733	1216.1173	1183.5779	1330	1337.777	1827.4807	1543.1307	1426.4077	1472.2025	1378.9247
Conjugative transposon. Bacteroidales	872.40985	6401.8047	3439.9263	3187.4246	216	6933.712	133.06306	282.79236	3996.0586	1585.9536	8117.557
Choline uptake and conversion to betaine clusters	864.32574	1009.68054	414.58545	467.58633	527	897.69867	764.197	679.0779	560.15393	588.4435	771.6223
Acetolactate synthase subunits	845.4628	792.902	926.5871	860.78394	753	828.2929	1626.0549	1355.0206	989.75226	707.2989	829.1721
Hydroxy-fatty acid production as stress response	845.4628	822.19635	1273.6609	1095.9055	1083	1160.0677	765.4178	719.20807	1101.7831	1028.8646	988.94867
Fructoselysine and glucoselysine	839.3998	579.0528	72.94891	95.64266	146	132.70992	45.778576	49.53569	212.59384	207.81462	25.745985
Polymyxin resistance. lipid A modifications with 4-amino-4-deoxy-L-arabinose	837.3787	240.21414	1.3592966	0.6641851	16	12.203211	26.246384	5.6433063	2.6463964	0.7291741	0
Cyclic Di-GMP Turnover Proteins	831.3157	596.62946	154.5067	57.119923	101	85.42248	490.7463	331.70102	198.47974	18.229353	110.55628
L-fucose dissimilation cluster	817.8421	1131.7406	736.7387	1055.3901	943	734.4808	1173.7627	1081.6338	592.7928	693.4446	729.97437
Glycolysis and Gluconeogenesis. including Archaeal enzymes	815.8211	625.9238	274.5779	281.6145	39	587.27954	27.467144	51.41679	164.95871	532.29706	870.82007
Menaquinone biosynthesis from chorismate via 1.4-dihydroxy-6-naphthoate	803.02124	218.73157	12.233668	29.88833	1	2.2881021	1.220762	1.2540681	8.8213215	5.1042185	15.144696
Adenylylsulfate reductase	801.6739	780.2077	852.732	814.95514	647	710.83704	1444.7719	1220.2083	757.7515	429.48355	624.71875
Twin-arginine translocation system	787.52673	755.7957	667.4146	503.45233	490	716.93866	298.47632	311.00888	320.21396	307.71146	842.0451
Threonine synthase cluster	786.853	579.0528	814.2186	724.626	388	632.2789	795.3264	606.3419	823.0293	680.3194	803.42615
Citrate lyase	737.00104	766.537	386.04022	464.2654	135	360.75742	634.79626	616.37445	494.87613	420.73346	421.02255
Nucleoside triphosphate pyrophosphohydrolase MazG	732.28534	626.9003	668.77386	559.2439	548	540.75476	383.31927	512.2868	563.68243	725.5282	770.86505
Glycolate. glyoxylate interconversions	716.7908	620.06494	861.794	571.8634	576	1104.3906	501.1228	356.78238	779.8048	584.0684	777.6802
NAD and NADP cofactor biosynthesis bacterial	658.8547	507.7697	641.1349	798.3505	291	504.14514	898.48083	751.18677	317.56757	428.75436	567.1689
GMP synthase	651.4443	597.6059	663.7898	746.54407	915	693.2949	671.41907	544.8926	1198.8176	1110.5321	581.55634
Spore germinant receptors	622.4762	563.4291	502.0335	706.0288	696	526.2635	1945.8947	1336.2096	613.08185	442.60867	442.22513
2-ketoacid oxidoreductases disambiguation	615.0658	515.58154	296.77975	314.82376	60	307.36838	158.69907	241.40811	553.979	720.424	531.57886
Lipoic acid metabolism	607.65533	503.8638	530.57874	725.95435	427	556.7715	274.06107	310.38187	329.91742	721.8823	798.1255
Type VI secretion system	594.1818	352.50937	13.139866	13.283703	79	32.03343	120.85544	52.67086	3.5285285	5.1042185	27.260454
Carbon storage regulator	584.0767	413.05115	303.12314	107.59799	41	202.11568	421.77325	332.95508	442.83032	202.7104	199.90999
Spore germination	557.80334	678.65375	694.6005	514.0793	331	533.8905	346.08603	504.76242	635.13513	790.42474	567.1689
Muconate lactonizing enzyme family	547.02454	545.8525	548.7027	555.2588	246	514.06024	139.16687	162.40182	321.97824	117.397026	538.394
Type 4 secretion and conjugative transfer	528.1616	290.01462	1.3592966	0.6641851	65	16.779415	153.20563	69.60078	0	4.3750443	6.8151135
Osmoregulation	524.11957	481.40475	514.7203	750.5292	711	466.77283	440.69507	494.72986	523.1044	740.1117	701.19946
Programmed frameshift	520.0775	546.8289	542.3593	369.9511	199	453.80692	190.43887	305.9926	501.05106	433.85858	511.89075
Cytochrome d ubiquinol oxidase operon	516.70917	469.68698	315.35678	349.3614	31	433.97668	86.06372	82.76849	280.518	153.85573	573.22675
Universal stress protein family	501.8883	264.62616	106.478226	150.77002	239	79.32087	120.85544	114.74723	85.56682	197.60619	97.6833
Lpt lipopolysaccharide transport system	476.28864	901.29126	964.6474	988.3075	88	914.4781	147.7122	193.75352	450.76953	195.41866	1197.9456
P2-like phage	449.3416	261.69672	32.170017	15.940443	26	14.491313	245.98354	28.843567	0.8821321	5.8333926	6.0578785
L-fucose utilization	447.3206	717.71295	184.41122	241.0992	255	697.1084	174.56897	549.9089	351.97073	332.5034	820.8425
Indole-pyruvate oxidoreductase complex	443.27853	654.24176	764.8309	658.20746	281	537.704	452.29233	671.55347	539.86487	885.21735	938.9712
Bacitracin resistance	440.58383	375.9449	46.216084	29.88833	180	207.45459	411.3968	362.4257	87.331085	213.64801	110.55628
Ethanolamine utilization	434.52075	322.23846	125.05528	112.911476	78	114.4051	192.8804	203.15903	217.0045	321.56577	143.87462
Anaerobic dimethyl sulfoxide reductase (EC 1.8.5.3)	427.784	216.77861	88.80737	146.78491	424	504.90784	459.0065	616.37445	181.71922	311.35733	724.6737
Proline. 4-hydroxyproline uptake and utilization	425.0893	453.08682	272.3124	280.28613	190	247.87772	322.89154	357.4094	478.99774	460.10886	318.03864
Cobalamin synthesis	407.5737	350.5564	482.55026	204.56902	320	398.89246	240.49011	332.95508	401.37012	521.3595	334.69778
Phosphonate metabolism	404.20532	322.23846	231.53351	256.37546	74	141.09962	136.11496	220.71599	118.2057	167.71004	540.66565
Pyruvate formate-lyase cluster	403.53165	505.81677	403.25797	608.39355	616	324.1478	808.7548	749.93274	393.43094	389.37897	292.29263
Calvin-Benson cycle	403.53165	249.97894	19.93635	9.298592	42	45.76204	108.64782	61.449337	46.753002	16.04183	18.93087
Wall polysaccharide pyruvylation	402.1843	230.44934	304.93552	251.72617	154	263.89444	68.36267	75.24409	232.88289	96.980156	179.46466
Cadmium resistance	398.14224	674.74786	715.44305	1055.3901	538	549.90717	511.49927	489.7136	790.3904	675.9444	473.27176
Iron transport system including ABC transporter	381.30035	115.22467	308.5603	435.04126	657	210.50539	220.95792	131.05011	298.16068	656.25665	305.92288
Outer membrane	375.91095	617.1355	464.8794	518.7286	43	537.704	106.20629	149.2341	217.88664	69.27154	645.16406
ESAT-6 proteins secretion system in Firmicutes and Actinobacteria	373.21625	186.50772	89.260475	110.25473	188	69.40576	333.26804	233.8837	97.03454	160.4183	82.5386
Histidine Degradation	372.54257	731.3837	632.0729	660.2	281	544.5683	216.07487	253.32176	150.84459	169.89757	882.9358
Na-driven 2-hydroxyglutarate pathway	369.84787	222.6375	9.061976	17.268814	7	24.406422	108.03744	107.84985	11.467718	11.666785	19.688105
Formaldehyde assimilation: Ribulose monophosphate pathway	363.1111	363.25064	189.84842	413.12317	106	207.45459	745.88556	610.1041	350.20645	507.50516	249.8875
Peptide methionine sulfoxide reductase	359.74274	415.0041	661.0712	480.87003	561	851.93665	485.86328	580.0065	365.2027	349.27438	703.4711
Macrolides. lincosamides. streptogramins. ketolides. oxazolidinones (MLSKO) resistance: efflux systems	358.3954	171.86052	22.201843	33.873444	6	0.7627007	10.376477	77.75222	33.521023	24.062744	0.7572348
Tricarboxylate transport system	350.31128	364.22714	188.03603	163.38954	92	295.92786	346.08603	401.3018	162.31232	52.500534	497.5033
Cob(I)alamin adenosyltransferase	348.29025	521.4404	368.82245	508.7658	318	463.72202	633.5755	704.15924	273.46097	248.64836	551.26697
A new toxin - antitoxin system	338.18512	238.26118	158.1315	43.83622	32	237.1999	258.80154	198.76979	128.79129	14.583482	172.64954
Tripartite multidrug efflux systems (of RND type) AcrAB-TolC and related transporters	336.1641	223.61397	0.45309883	1.3283702	41	25.169123	86.6741	30.097633	0	0	0.7572348
Tagatose utilization	319.3222	200.17845	335.74625	523.37787	2068	324.1478	14.038763	18.183987	370.49548	1378.139	488.41647
Tetracycline resistance. ribosomal protection type	317.97485	524.3699	680.1014	858.7914	196	331.77478	716.5873	805.7388	465.76578	530.10956	592.15765
Aspartate to Homoserine module	313.25912	280.24982	166.74037	191.28532	105	88.47328	170.90668	142.33673	151.72673	223.85645	108.284584
General Secretion Pathway	292.37518	152.33092	0.90619767	0.6641851	29	11.44051	33.570953	26.33543	0	2.1875222	0
Siderophore assembly kit	292.37518	167.9546	2.265494	3.3209257	39	17.542116	25.636002	45.14645	1.7642642	3.6458704	0.7572348
Menaquinone biosynthesis from chorismate via 1.4-dihydroxy-2-naphthoate	291.7015	793.8784	542.81244	628.31915	102	794.73413	115.36201	245.79735	650.1314	375.52466	1244.1368
Arginine decarboxylase and Agmatinase cluster	280.24902	287.0852	91.07287	134.82959	194	183.04816	45.168194	126.66088	86.44895	83.12585	146.90355
IbrA and IbrB: co-activators of prophage gene expression	269.4702	465.78107	452.19263	620.34894	352	770.3277	178.84163	324.1766	67.92417	68.542366	442.98236
Respiratory Complex I	266.10184	914.962	684.6323	670.1628	58	820.66595	67.14191	186.22911	563.68243	178.64766	973.804
Periplasmic disulfide interchange	262.05978	435.5102	253.28226	245.7485	75	324.1478	120.85544	230.12149	133.20195	137.8139	397.54828
Protection from Reactive Oxygen Species	248.58629	260.7202	216.58124	213.86761	109	285.25006	198.37383	316.02515	145.5518	235.52322	449.04025
Gram-negative cluster	244.54424	148.425	3.171692	1.9925554	38	9.152409	47.60972	41.384247	1.7642642	0.7291741	2.2717044
Denitrifying reductase gene clusters	239.8285	249.97894	242.86098	380.5781	335	155.59094	438.86392	342.9876	278.75375	179.37683	190.82318
Two partner secretion pathway (TPS)	232.41808	165.02516	1.3592966	0	6	6.864306	9.155715	50.162724	0	2.9166963	3.786174
Urease subunits	232.41808	318.33255	299.49832	439.02637	554	391.26544	775.79425	567.4658	480.76202	462.2964	223.38428
Branched-chain amino acids and alpha-keto acids utilization as energy sources	225.68132	1092.6814	1028.0813	949.7847	50	854.22473	125.73849	152.9963	123.4985	178.64766	1184.3153
Glycine reductase. sarcosine reductase and betaine reductase	222.98662	164.04868	96.96315	125.53099	168	138.04883	200.20497	178.07767	189.65842	228.23149	88.59647
Siderophore Enterobactin	220.29192	117.17763	0.45309883	1.3283702	26	7.627007	72.63534	26.33543	0.8821321	4.3750443	1.5144696
Fet iron export system	218.94456	227.5199	267.3283	373.93622	222	260.08093	90.94677	65.83858	111.14865	242.81497	321.8248
Colicin V and Bacteriocin Production Cluster	215.57619	838.7965	248.75127	237.11409	40	710.07434	51.882385	79.00629	50.281532	54.688057	633.04834
A Hypothetical Protein Related to Proline Metabolism	211.53413	88.8597	202.53519	292.24146	466	109.0662	131.23192	115.37427	232.00075	574.5892	226.41321
Ubiquinone biosynthesis	207.49208	99.60098	1.8123953	1.9925554	30	9.152409	76.908005	25.081362	0.8821321	2.1875222	0
Colanic acid synthesis	204.79736	121.08355	1.3592966	1.3283702	23	5.338905	49.44086	29.4706	0	2.1875222	4.543409
L-ascorbate utilization (and related gene clusters)	190.65018	96.67155	8.608878	12.619517	30	17.542116	95.21944	58.314167	67.92417	41.562923	13.630227
Streptococcal Hyaluronic Acid Capsule	187.95547	163.0722	180.33334	73.06036	98	136.52342	97.66096	119.13647	153.491	43.02127	124.94375
Aromatic amino acid interconversions with aryl acids	187.95547	366.18008	232.4397	314.82376	138	271.52145	427.2667	398.16663	255.81831	405.4208	410.42126
Sex pheromones in Enterococcus faecalis and other Firmicutes	187.2818	237.2847	53.012566	89.00081	183	330.2494	184.94543	237.6459	323.7425	145.83482	59.064316
Glutathione: Redox cycle	181.21872	242.1671	135.02345	155.41933	88	89.99868	75.68724	73.36298	290.22147	111.56364	116.61417
Possible RNA modification and stress response cluster	177.17667	1007.7276	867.2312	975.688	25	809.2254	44.55781	183.72098	658.07056	188.12692	1253.9808
Lipopolysaccharide in K12	176.50299	124.98947	1.3592966	0	10	3.0508027	58.596577	21.946192	0	1.4583482	5.300644
Carnitine operon	172.46094	94.71858	9.061976	20.589739	36	44.23664	76.29762	50.162724	31.756758	68.542366	32.561096
Purine catabolism in Bacillus subtilis	171.11359	129.87187	7.2495813	15.940443	43	28.982626	100.71287	110.357994	10.585586	17.500177	21.95981
ESAT-6 proteins secretion system in Mycobacteria (locus ESX-1)	169.09256	104.48338	1.8123953	1.9925554	2	0.7627007	274.67145	154.87741	2.6463964	0	49.977497
Enoyl-[ACP] reductases disambiguation	168.41888	31.247368	184.86433	235.12154	499	132.70992	177.01048	122.27164	185.24774	587.7143	248.37302
SpoVS protein family	167.74521	50.776974	82.46399	48.485516	30	8.389708	6.714191	58.9412	89.97748	200.52287	27.260454
Beta-lactamases Ambler class B	158.31375	51.753452	28.092129	85.679886	15	7.627007	0.610381	5.6433063	28.228228	5.1042185	49.977497
Taurine and alkanesulfonate utilization as sulfur sources	156.9664	83.000824	3.171692	6.6418514	25	8.389708	49.44086	21.946192	0.8821321	2.1875222	1.5144696
Enterobacterial common antigen (LPS O-antigen)	152.92435	126.94243	45.76298	35.865997	40	85.42248	83.01182	47.027554	92.62387	66.35484	53.00644
Maintenance of outer membrane lipid asymmetry	148.8823	330.05032	233.3459	219.84528	33	260.08093	43.947433	49.53569	189.65842	61.25062	387.70422
Lipoprotein transporter to outer membrane Lol	148.8823	493.12253	401.4456	478.2133	37	419.48538	38.454002	31.978737	187.01201	67.81319	620.93256
Tripartite multidrug efflux systems (of MFS type) EmrKY-TolC and EmrAB-TolC	148.20862	83.000824	2.265494	0	16	9.152409	62.869244	16.302885	1.7642642	0.7291741	3.786174
Molybdopterin cytosine dinucleotide	142.81921	117.17763	118.2588	193.27788	175	86.947876	21.363335	40.757214	154.37312	161.14748	54.52091
Glutathione: Biosynthesis and gamma-glutamyl cycle	140.79819	127.918915	18.123953	15.276258	72	41.948536	26.246384	21.319157	62.631382	56.87558	53.00644
Efflux ABC transporter YadGH	138.77716	72.25954	1.8123953	0	20	3.8135035	39.064384	21.319157	0	0.7291741	0
Putative TldE-TldD proteolytic complex	136.08246	148.425	183.95813	272.31592	43	107.540794	42.72667	87.78477	194.9512	326.66998	158.26208
beta-Barrel Assembly Machinery	135.40878	109.36578	27.639029	3.3209257	22	16.779415	37.233242	16.92992	0.8821321	1.4583482	8.329583
Mu-like phage	134.06143	122.06003	1.3592966	1.3283702	29	11.44051	22.584097	6.2703404	0	0.7291741	0
Inner membrane proteins of MarC family. not involved in antibiotic resistance	126.65101	431.60428	269.14072	343.38373	37	358.46933	31.73981	40.13018	52.045795	21.14605	502.0467
DNA repair. bacterial UmuCD system	121.93528	166.00165	134.11726	90.32918	194	159.40443	100.71287	70.85485	205.53679	99.89685	140.08844
Bacterial Sphingolipids	121.93528	346.65048	278.6558	307.51773	14	297.45328	25.636002	25.708395	308.74625	110.834465	358.1721
D-threonate. L-threonate and D-erythronate utilization	119.91425	58.588814	4.9840875	7.3060365	23	17.542116	21.363335	15.675851	7.9391894	13.854308	11.358522
BtuS-PduT gene cluster for metalloporphyrine salvage	119.91425	870.0439	569.99835	585.8113	29	597.19464	18.92181	40.13018	555.7432	350.00357	858.7043
Sulphoglycolysis	119.91425	83.9773	0.90619767	3.3209257	14	6.1016054	56.765434	21.319157	0.8821321	2.1875222	0.7572348
Butyrate kinase pathway	117.89323	100.57746	222.01843	146.12073	54	22.88102	6.10381	22.573225	212.59384	213.64801	127.97269
Polymyxin resistance	115.198524	42.96513	1.8123953	0.6641851	3	2.2881021	6.10381	3.7622042	0	2.9166963	0
Inositol-containing phospholipids	114.52485	137.68372	303.57623	448.32498	3	159.40443	5.493429	7.5244083	332.5638	343.441	337.72675
Forespore to mother cell channel	113.85117	111.31875	348.433	114.239845	74	299.74136	37.233242	128.54198	389.9024	112.29281	233.22833
Formate dehydrogenase	112.50382	78.118416	45.309883	36.53018	128	41.185837	56.765434	42.01128	67.92417	281.4612	67.3939
Sporulation gene orphans	110.482796	82.02434	82.91709	79.03803	93	70.168465	79.95991	114.12019	243.46848	365.31622	72.69454
Tol-Pal Cell Envelope Complex	108.46177	88.8597	8.608878	3.3209257	25	11.44051	53.103146	31.351702	0.8821321	2.1875222	21.202576
Cytochrome bo ubiquinol oxidase 	108.46177	46.87105	0	0	19	6.1016054	28.077526	9.405511	0	0	0
Salmochelin-mediated Iron Acquisition	108.46177	49.80049	0.90619767	0.6641851	0	0.7627007	0.610381	4.3892384	0	0.7291741	0
Bacteroides capsular polysaccharide transcription antitermination proteins	106.44074	741.1485	465.33252	541.3109	25	952.61316	23.80486	33.232803	82.03829	67.81319	868.54834
Trimethylamine-N-oxide operon	106.44074	61.518253	1.3592966	0	20	3.0508027	34.791718	12.540681	0	2.1875222	0
Type III secretion systems	104.419716	62.494736	1.3592966	0	16	7.627007	64.090004	11.913647	0.8821321	2.9166963	9.844052
Oligopeptide degradation cluster	103.74604	64.44769	12.233668	11.955333	23	19.830217	59.817337	30.724669	8.8213215	18.229353	16.659166
Acetoin. butanediol metabolism	102.39868	135.73076	39.419598	55.79155	65	83.89707	87.284485	157.38554	91.741745	101.3552	42.40515
Glyoxylate bypass	101.725006	53.706413	0.45309883	0	7	3.8135035	23.194477	13.794749	0.8821321	2.1875222	0
Post-translational modification of proteins	101.725006	48.824013	5.890285	5.313481	24	4.5762043	33.570953	13.167715	4.4106607	8.750089	9.844052
Possible new toxin-antitoxin system including DivIC	100.377655	22.459045	120.97739	168.70302	253	62.541454	78.12877	55.178997	139.37688	224.58562	125.70098
Adaptation to d-cysteine	100.377655	106.43635	95.15076	112.911476	108	116.69321	40.285145	25.708395	78.50976	86.77171	77.23795
Tolerance to colicin E2 and CreBC signal transduction system	97.00928	92.765625	23.56114	16.604628	18	51.863647	40.285145	16.302885	6.174925	4.3750443	53.00644
Fatty acid degradation	96.3356	460.89868	158.5846	152.09839	67	330.2494	20.142572	33.232803	73.216965	107.18859	322.58203
Aerotolerance operon	96.3356	539.0171	566.37354	549.2811	19	556.0088	21.363335	22.573225	436.6554	131.98051	745.8763
Glutamate dehydrogenases	95.66193	386.6862	394.19598	478.87747	67	374.48602	104.37515	122.27164	149.08034	204.89792	467.97113
Possible DNA repair related cluster	94.314575	40.03569	0.90619767	1.9925554	9	3.0508027	39.064384	11.913647	2.6463964	0.7291741	0.7572348
Hexose phosphate transport system	94.314575	71.28306	0.45309883	0	15	7.627007	28.687906	10.659578	0	1.4583482	0.7572348
BarA-UvrY(SirA) two-component regulatory system	92.967224	53.706413	6.7964826	8.634407	18	12.965912	27.467144	13.794749	35.285286	6.5625668	7.572348
Photorespiration (oxidative C2 cycle)	92.29355	83.9773	24.014238	35.201813	44	33.55883	23.80486	14.421783	74.0991	103.542725	24.231514
L-galactonate utilization	91.61987	56.635853	0	0	14	7.627007	28.687906	10.032545	0	1.4583482	0
Siderophore Aerobactin	90.27252	53.706413	0.45309883	0	13	4.5762043	25.025621	14.421783	0.8821321	2.9166963	0.7572348
Peptide ABC transport system Sap	89.59885	56.635853	1.3592966	0.6641851	13	3.0508027	23.194477	8.151443	0	0	0
Na-translocating NADH-quinone oxidoreductase	88.92517	421.83948	450.38025	408.47385	20	414.90918	8.545334	15.675851	353.735	101.3552	644.40686
p-Aminobenzoyl-Glutamate Utilization	88.92517	49.80049	6.343384	3.9851108	19	5.338905	36.012478	23.827293	5.292793	11.666785	3.786174
Glutathione-dependent pathway of formaldehyde detoxification	88.92517	48.824013	0	0	14	1.5254014	21.973717	11.913647	1.7642642	2.1875222	0
ZraPRS-based zinc resistance	88.92517	63.471214	11.78057	13.283703	15	26.694523	31.73981	16.92992	7.9391894	14.583482	17.4164
Tripartite multidrug efflux systems (of MFS type) in Gram-negative bacteria	87.57782	381.80377	348.8861	409.13803	22	352.3677	5.493429	23.20026	508.10812	94.06346	404.3634
Putrescine utilization	84.88312	44.91809	0.90619767	2.6567404	19	12.965912	60.42772	20.692123	3.5285285	2.1875222	2.2717044
Encapsulation of DyP-type peroxidase or ferritin-like protein oligomers	84.88312	57.612335	67.05863	104.27707	86	125.08291	47.60972	102.83358	70.57057	59.063103	96.926056
Iron acquisition in Streptococcus	84.20944	111.31875	82.01089	64.42596	65	300.50406	228.89287	448.32935	105.85586	53.95888	262.00327
Efflux ABC transporter MdlAB	82.86209	63.471214	20.842546	15.276258	38	11.44051	36.012478	23.827293	47.635136	8.020915	8.329583
Glutaconate CoA-transferase or 3-oxoadipate CoA-transferase Subunits	82.188416	52.729935	16.764658	30.552517	9	19.067516	18.31143	14.421783	3.5285285	2.1875222	34.07557
Polymyxin resistance. lipid A modifications with phosphoethanolamine	82.188416	66.40066	19.93635	8.634407	10	8.389708	34.791718	6.8973746	2.6463964	4.3750443	23.47428
Thiamin. hydroxymethylpyrimidine selected transporters	81.51474	18.553125	96.05695	147.4491	166	58.72795	81.18067	53.924927	70.57057	115.93868	102.2267
MukBEF Chromosome Condensation	79.49371	31.247368	0	0	13	0.7627007	16.480288	3.7622042	0	1.4583482	0
Phage shock protein operon	79.49371	47.84753	0	0	11	9.152409	26.246384	6.8973746	0.8821321	5.1042185	0
Acyl-CoA thioesterase II	78.14636	32.223846	59.35595	69.07526	177	56.43985	72.024956	40.13018	79.39189	182.29352	82.5386
Listeria Pathogenicity Island LIPI-1 extended	78.14636	51.753452	139.55444	155.41933	194	87.71058	3.662286	13.794749	51.163666	188.8561	123.429276
Arginine succinyltransferase pathway	75.45166	53.706413	1.8123953	0.6641851	20	24.406422	23.80486	13.167715	0.8821321	3.6458704	10.601288
Ribosomal protein S5p acylation	74.777985	74.2125	205.70688	124.866806	177	78.55817	358.90402	247.0514	128.79129	113.75116	152.2042
Dioxygenolytic carbon monoxide-forming enzymes	73.43063	37.10625	0	0	10	3.0508027	21.363335	7.5244083	0	0.7291741	0
Multidrug resistance RND efflux system MexEFOprN	70.73593	382.78024	125.96148	133.5012	28	292.11435	17.70105	32.60577	74.0991	29.166964	417.2364
Quinone oxidoreductase family	70.062256	30.270887	4.530988	11.955333	9	21.35562	10.376477	23.827293	10.585586	28.43779	31.803864
Urea carboxylase and Allophanate hydrolase cluster	68.04123	318.33255	26.279732	198.59135	55	90.76138	124.51772	45.773487	226.70796	40.833748	199.90999
Rcs two-component regulator of capsule synthesis	67.36755	47.84753	3.6247907	5.313481	16	4.5762043	14.038763	9.405511	11.467718	3.6458704	6.0578785
Lysine leader peptide	66.69388	59.565296	19.48325	3.3209257	13	9.152409	22.584097	8.151443	1.7642642	2.9166963	4.543409
Tripartite multidrug efflux systems (of RND type) MdtABC-TolC	66.0202	38.08273	2.7185931	5.9776664	8	4.5762043	16.480288	8.778477	0	0	0
Barnase-barstar complex	63.99918	80.07138	30.81072	33.873444	43	109.828896	109.868576	168.04512	31.756758	29.166964	106.01288
HipAB system implicated in growth arrest. persistence and drug tolerance	63.99918	41.01217	55.731155	73.72455	14	75.50737	14.038763	11.913647	2.6463964	10.937612	28.774923
Rut pathway of pyrimidine degradation	63.99918	46.87105	0	0	8	1.5254014	16.480288	9.405511	0	0.7291741	0.7572348
D-allose utilzation	63.325504	23.435526	4.530988	1.9925554	2	5.338905	1.220762	9.405511	0.8821321	0.7291741	3.0289392
EnvZ and OmpR regulon	63.325504	45.89457	0.90619767	0.6641851	9	4.5762043	16.480288	6.8973746	0	0	6.0578785
Sugar-phosphate stress regulation	61.978153	27.341446	0.45309883	0	5	3.0508027	12.20762	4.3892384	0	0	0.7572348
L-rhamnonate utilization cluster	59.28345	57.612335	0	0	9	1.5254014	27.467144	5.0162725	0	1.4583482	0
Phospholipid and Fatty acid biosynthesis related cluster	59.28345	21.482565	3.6247907	0.6641851	8	2.2881021	10.376477	11.913647	1.7642642	0	0
Oxaloacetate decarboxylase Na-pump	58.609776	314.42664	197.5511	259.0322	10	295.92786	14.649144	32.60577	37.04955	29.896137	346.81354
Uridine to beta-Alanine and Thymine to 3-aminoisobutanoate module	58.609776	132.80132	124.14908	184.64346	85	87.71058	159.91982	75.24409	200.24399	257.39847	93.89712
Biofilm Adhesin Biosynthesis	57.9361	50.776974	4.9840875	0.6641851	10	6.1016054	20.752954	9.405511	2.6463964	0.7291741	0
Nucleoside ABC transporter cluster	56.58875	14.647203	64.340034	57.784107	71	40.423138	49.44086	156.75851	91.741745	42.2921	58.307083
AaeAB efflux system for hydroxylated. aromatic carboxylic acids	54.567722	28.317926	0	0	12	3.8135035	23.194477	6.8973746	0	0.7291741	0.7572348
Homoprotocatechuate degradative cluster	53.894047	16.600164	0	0	6	1.5254014	34.181335	10.032545	0	0	0.7572348
Autoinducer 2 (AI-2) transport and processing (lsrACDBFGE operon)	52.546696	30.270887	60.262146	9.298592	10	10.67781	46.388954	28.843567	59.10285	12.39596	6.8151135
TAM transport system	51.87302	46.87105	8.608878	3.3209257	13	3.0508027	21.973717	10.032545	0	0.7291741	9.844052
Siderophore Anthrachelin	51.87302	30.270887	62.07454	36.53018	314	448.468	20.752954	129.79605	134.96622	148.02234	137.05951
Sulfur transfer pathway CsdAEL	51.19934	27.341446	2.7185931	0	10	3.0508027	10.986858	10.659578	2.6463964	1.4583482	3.0289392
Resistance to Ethionamide and Isoniazid	51.19934	43.941612	9.061976	3.9851108	5	16.779415	14.038763	10.659578	25.581833	1.4583482	8.329583
Anaerobic glycerol-3-phosphate dehydrogenase subunits	50.525665	37.10625	192.567	253.05453	10	15.254014	36.62286	13.794749	44.106606	21.875223	187.79424
2-phosphoglycolate salvage	49.85199	52.729935	17.217756	21.253923	60	22.11832	14.038763	26.962463	19.406906	64.89649	84.8103
Glutamate fermentation	49.85199	73.236015	10.421273	13.947887	0	0.7627007	12.818001	29.4706	11.467718	48.854664	24.988749
Lysine fermentation	48.50464	33.20033	199.3635	163.38954	37	131.94722	45.168194	45.773487	87.331085	120.31373	195.3666
Rcn nickel and cobalt homeostasis system	48.50464	29.294407	0	0	1	1.5254014	20.142572	3.7622042	0	0	0
Resistance to Capreomycin and Viomycin	46.483612	11.717763	62.07454	124.20262	40	16.016714	19.532192	15.048817	27.346096	67.084015	68.90837
Chitobiose	45.809937	26.364967	0.45309883	0	10	3.0508027	10.376477	3.1351702	1.7642642	0.7291741	0
Delta(6)-desaturase containing cluster	45.13626	22.459045	0.90619767	0.6641851	11	5.338905	17.70105	4.3892384	0.8821321	2.1875222	4.543409
CytR regulation	44.462585	29.294407	4.0778894	1.3283702	4	3.0508027	22.584097	16.92992	4.4106607	2.1875222	2.2717044
GlrKR two-component regulatory system	44.462585	32.223846	0	0.6641851	5	3.0508027	9.766096	3.7622042	0	0	1.5144696
Shikimate kinase SK3 cluster	43.78891	33.20033	0	0.6641851	7	6.864306	11.597239	8.778477	0	0	0
Phenylacetyl-CoA catabolic pathway (core)	43.115234	17.576645	0.45309883	0.6641851	7	0.7627007	36.012478	6.8973746	1.7642642	3.6458704	0.7572348
Bicyclomycin resistance cluster	43.115234	33.20033	13.592965	1.9925554	5	9.152409	6.714191	6.2703404	10.585586	10.208437	17.4164
MazEF toxin-antitoxing (programmed cell death) system	42.44156	19.529604	0	0	7	2.2881021	23.194477	3.1351702	1.7642642	2.1875222	0.7572348
Homogentisate pathway	42.44156	27.341446	0.90619767	0.6641851	10	2.2881021	7.324572	6.2703404	1.7642642	4.3750443	3.0289392
Programmed cell death toxin-antitoxin PezAT	39.746857	272.438	74.30821	102.94869	30	414.14645	48.83048	82.76849	29.110361	3.6458704	65.87943
Polyadenylation. bacterial	39.746857	27.341446	7.2495813	5.313481	6	3.8135035	11.597239	11.913647	1.7642642	6.5625668	12.8729925
Sulfur metabolism related cluster	39.07318	112.29523	214.76884	158.07607	25	225.7594	15.869905	161.77478	97.03454	71.45906	418.75085
CoA disulfide thiol-disulfide redox system	39.07318	66.40066	34.88861	34.53763	14	85.42248	32.350193	47.027554	24.6997	28.43779	103.74117
Type I secretion systems disambiguation	38.399506	31.247368	2.265494	2.6567404	4	2.2881021	15.259525	1.2540681	1.7642642	0	3.0289392
S-methylmethionine	38.399506	18.553125	29.904524	55.127365	22	21.35562	50.051243	25.708395	74.98123	58.333927	6.0578785
Ferrous iron transporter EfeUOB. low-pH-induced	38.399506	20.506084	21.295645	6.6418514	15	2.2881021	9.155715	6.8973746	36.16742	4.3750443	1.5144696
Phosphoenolpyruvate phosphomutase	38.399506	55.659374	102.85344	170.03139	8	24.406422	29.298288	161.77478	103.20946	58.333927	118.88587
Heme and heme d1 biosynthesis from siroheme	37.72583	7.811842	0	1.3283702	0	1.5254014	1.220762	3.7622042	0	2.1875222	1.5144696
Dihydropyrimidine dehydrogenase	37.72583	25.388487	2.265494	1.9925554	4	0	14.649144	3.7622042	0.8821321	2.1875222	0
dTDP-3-acetamido-3.6-dideoxy-alpha-D-galactose synthesis	37.052155	123.03651	16.764658	23.246479	5	38.897736	4.883048	9.405511	37.931683	7.291741	40.133446
CMP-legionaminic acid synthesis	37.052155	44.91809	707.7404	120.88169	138	641.4313	12.20762	92.174	538.1006	271.98193	468.72836
Hyaluronate utilization	37.052155	22.459045	19.030151	15.276258	47	20.592918	78.73915	130.42308	209.06532	96.980156	58.307083
Outer membrane porins in Pseudomonas and Acinetobacter	35.704803	141.58963	92.88526	142.7998	7	115.930504	9.766096	10.032545	4.4106607	2.1875222	146.14632
ABC transporter YeiABEF	35.704803	11.717763	0.45309883	1.3283702	5	1.5254014	7.324572	1.8811021	0	2.1875222	0
Ribosomal protein S12p Asp methylthiotransferase	35.704803	32.223846	0.45309883	2.6567404	2	0.7627007	7.9349527	5.6433063	0	2.9166963	1.5144696
Stress proteins YciF. YciE	35.704803	38.08273	11.78057	23.246479	30	35.84693	17.090668	87.15773	23.817568	55.417233	49.977497
Copper uptake system CopCD	35.031128	27.341446	0.45309883	0	7	3.0508027	14.038763	7.5244083	0	0	0
Osmotic stress cluster	35.031128	32.223846	4.9840875	0	6	0.7627007	12.818001	2.5081363	0.8821321	0.7291741	0
Toxin-antitoxin replicon stabilization systems	34.357452	20.506084	209.33167	39.85111	37	165.50604	87.284485	44.519417	316.68542	228.96066	146.14632
Glutathionylspermidine and Trypanothione	34.357452	20.506084	2.265494	0	9	0	12.20762	1.8811021	0	0	0
NADH ubiquinone oxidoreductase vs. multi-subunit cation antiporter	33.683777	23.435526	0.90619767	0	4	3.0508027	10.986858	14.421783	0	9.479263	1.5144696
tRNA modification. 5-oxyacetyl uridine (cmo5U34)	32.336426	36.12977	4.9840875	0	12	0.7627007	15.259525	4.3892384	0.8821321	0	0
Aminoglycoside modifying enzymes: N-acetyltransferases	30.989077	39.059208	60.715244	39.186924	5	10.67781	24.41524	31.978737	60.86712	33.542007	29.532158
Hydroxyaromatic decarboxylase family	28.96805	17.576645	0	0	5	0	28.077526	2.5081363	0	0.7291741	0.7572348
Aminoglycoside modifying enzymes: O-nucleotidyltransferases	28.96805	118.154106	108.29062	142.13562	21	16.016714	35.4021	141.7097	80.274025	147.29317	24.988749
Fusaric acid resistance cluster	28.96805	18.553125	0	0	0	0	7.9349527	3.7622042	0	0	0
Cyanate hydrolysis	26.947023	13.670723	1.3592966	0.6641851	7	5.338905	14.649144	3.1351702	2.6463964	13.854308	0
Bacterial pathways for dimethylsulfoniopropionate and acrylate catabolism	26.947023	19.529604	0.45309883	0	12	2.2881021	4.272667	2.5081363	0.8821321	0	0
Cyanophycin Metabolism	26.273348	20.506084	1.3592966	1.9925554	36	1.5254014	3.662286	13.167715	43.224476	56.87558	3.786174
Iron(III) dicitrate transport system Fec	26.273348	16.600164	0.45309883	0	2	0	14.038763	3.7622042	1.7642642	2.9166963	0
Small efflux transporters of SMR family	24.925995	19.529604	0.45309883	0	5	3.0508027	2.441524	3.1351702	0	0	0
2-aminophenol Metabolism	24.25232	19.529604	0.90619767	0	3	0.7627007	39.064384	1.8811021	4.4106607	8.020915	1.5144696
Outer membrane proteases (Omptins)	23.578644	7.811842	0	0	0	0.7627007	0	1.8811021	0	0.7291741	0
Carbon monoxide induced hydrogenase	22.904968	18.553125	21.295645	36.53018	33	22.11832	13.428382	16.92992	26.463964	48.854664	36.34727
Quorum sensing in Yersinia	22.231293	10.741282	8.608878	5.9776664	4	0.7627007	9.766096	11.2866125	8.8213215	28.43779	20.445341
D-arabinitol utilization	22.231293	18.553125	0	0	0	2.2881021	2.441524	6.2703404	0	0.7291741	0
Siderophore Mycobactin	22.231293	8.788322	0	0.6641851	5	0.7627007	0.610381	4.3892384	0.8821321	0.7291741	1.5144696
Citrate uptake cluster	21.557617	14.647203	0	0	10	0.7627007	8.545334	0	0.8821321	1.4583482	1.5144696
Gentisate pathway	21.557617	11.717763	0	0	3	0	4.883048	3.7622042	0	0	0
TonB-ExbBD energy transducing system	20.883942	16.600164	1.8123953	1.3283702	4	19.067516	7.9349527	26.33543	0	0.7291741	28.774923
DNA repair. bacterial photolyase	20.883942	14.647203	0	0	1	1.5254014	10.376477	3.7622042	0.8821321	0.7291741	0
Energy-conserving hydrogenase (ferredoxin)	20.883942	14.647203	4.530988	11.291147	41	117.4559	45.778576	108.47689	28.228228	66.35484	102.2267
Glycine cleavage system	19.53659	12.694243	0.45309883	0	2	2.2881021	7.9349527	1.2540681	0.8821321	0	1.5144696
Macrolides. lincosamides. streptogramins. ketolides. oxazolidinones (MLSKO) resistance: rRNA methylases	18.862915	89.83618	40.325798	75.7171	29	189.14977	28.077526	78.37926	119.08784	39.3754	35.59004
D-alanylation of teichoic acid	18.18924	13.670723	32.170017	17.932999	41	18.304817	25.025621	37.622044	60.86712	48.12549	5.300644
Vir-like type 4 secretion system	18.18924	0.97648025	2.265494	1.9925554	18	15.254014	4.272667	36.99501	2.6463964	0.7291741	14.387462
Beta-lactamases Ambler class C	18.18924	11.717763	0	0	1	0.7627007	7.324572	1.2540681	0	0	0
Chloramphenicol resistance	18.18924	9.764802	4.9840875	2.6567404	3	3.8135035	3.051905	1.8811021	10.585586	40.104576	3.786174
DNA sulfur modification cluster	16.841888	19.529604	9.968175	21.91811	40	343.978	573.7581	421.99393	276.10736	293.85715	124.18651
Late competence	16.841888	40.03569	76.120605	44.500404	39	6.1016054	10.376477	20.692123	126.1449	10.937612	8.329583
Type 4 conjugative transfer system. IncI1 type	16.841888	7.811842	0	0	0	0	0	0	0	0	0
Fatty acid metabolism cluster	16.841888	9.764802	0.90619767	0	2	0	3.662286	1.2540681	1.7642642	0	0
Carnitine metabolism and transport	16.841888	7.811842	0.45309883	1.3283702	0	3.0508027	15.259525	5.0162725	0	1.4583482	1.5144696
Oxygen-sensing diguanylate cyclase and phosphodiesterase couple for c-di-GMP control	16.841888	19.529604	0	0	3	1.5254014	2.441524	2.5081363	0	0.7291741	0.7572348
Cluster related to 2-thiouridine modification of tRNAs	16.841888	13.670723	1.8123953	1.9925554	10	1.5254014	5.493429	4.3892384	3.5285285	4.3750443	3.786174
Lipopolysaccharide transporter LptABC	15.494538	159.16628	85.63568	113.57566	1	104.48999	3.662286	6.2703404	7.057057	10.208437	154.4759
Beta-lactamases Ambler class A	15.494538	97.648026	52.559464	41.843662	5	103.727295	9.155715	22.573225	6.174925	10.208437	94.65435
Sulfhydrogenase	14.147187	10.741282	10.8743725	12.619517	15	29.745327	23.80486	40.757214	6.174925	75.104935	54.52091
D-glucosaminate utilization	14.147187	1.9529605	0.45309883	0.6641851	1	0	0	0	0	0	0
Cobalamin synthesis. Precorin-2 to Cob(II)yrinate a.c diamide. aerobic	14.147187	1.9529605	1.8123953	1.9925554	0	0.7627007	1.220762	0	2.6463964	8.020915	2.2717044
Macrolides. lincosamides. streptogramins. ketolides. oxazolidinones (MLSKO) resistance: enzymatic degradation	14.147187	8.788322	0.45309883	2.6567404	2	7.627007	4.883048	10.659578	14.114114	29.166964	12.115757
Multiple Antibiotic Resistance MAR locus	14.147187	10.741282	0	0	5	0	7.324572	1.2540681	0	0	0
Methionine Salvage	13.473512	6.8353615	1.8123953	3.3209257	11	7.627007	28.077526	11.2866125	0.8821321	2.1875222	2.2717044
Trans-translation by stalled ribosomes	13.473512	7.811842	51.653267	19.925554	3	9.152409	4.883048	5.6433063	22.935436	59.792274	12.8729925
Control of cell elongation - division cycle in Bacilli	12.799835	24.412006	45.76298	24.57485	16	3.8135035	6.714191	21.319157	95.27027	3.6458704	0
Biosynthesis of thiamin antivitamin Bacimethrin	12.799835	3.905921	0.90619767	0.6641851	118	37.372334	13.428382	21.946192	0.8821321	0.7291741	0.7572348
RSF1010 like IncQ broad-host-range plasmids	12.799835	13.670723	0.45309883	0	0	0	14.649144	5.0162725	0	0	0
Periplasmic nitrate reductase EC 1.7.99.4	12.12616	9.764802	0	0.6641851	7	1.5254014	6.10381	1.8811021	0	0	1.5144696
Lysine fermentation to crotonoyl-CoA	12.12616	17.576645	140.46065	122.87425	22	89.23598	4.883048	7.5244083	57.33859	93.33428	108.284584
HU-alpha and dsDNA mimic protein interaction	12.12616	12.694243	0.90619767	0	1	1.5254014	3.662286	1.8811021	30.874624	9.479263	0
Tetracycline resistance. all mechanisms	12.12616	16.600164	17.670855	17.932999	5	3.8135035	3.051905	6.8973746	14.114114	5.1042185	67.3939
PEB1. the major cell-binding factor of Campylobacter jejuni	11.452484	3.905921	32.170017	17.932999	27	39.660435	27.467144	35.113907	116.441444	21.875223	65.87943
Anaerobic Oxidative Degradation of L-Ornithine	11.452484	7.811842	0	2.6567404	3	11.44051	14.038763	13.167715	6.174925	45.208794	8.329583
Cyanobacterial bypass in the TCA	10.778809	7.811842	0	0	0	0.7627007	3.051905	1.2540681	0.8821321	0.7291741	0.7572348
2.3-diacetamido-2.3-dideoxy-d-mannuronic acid	10.778809	5.8588815	224.28392	264.34567	9	100.67649	33.570953	95.93621	44.98874	75.104935	199.15276
Possible heterocyst differentiation related cluster	10.105133	8.788322	3.6247907	1.3283702	1	3.0508027	13.428382	11.913647	0.8821321	0.7291741	0.7572348
ESAT-6 proteins secretion system in Firmicutes extended	10.105133	4.882401	30.81072	19.26137	6	3.8135035	10.376477	55.80603	41.46021	11.666785	6.8151135
Mevalonate metabolic pathway	10.105133	12.694243	35.794807	16.604628	10	1.5254014	13.428382	16.92992	86.44895	3.6458704	6.8151135
PPE multigene family in Mycobacterium tuberculosis complex (MTBC)	10.105133	2.9294407	2.7185931	0	0	0	17.090668	5.6433063	1.7642642	0	0
Lipid-linked oligosaccharide synthesis related cluster	8.757782	0.97648025	35.34171	50.47807	9	2.2881021	5.493429	3.1351702	0.8821321	4.3750443	18.173635
Quorum-sensing related cluster	8.757782	2.9294407	3.171692	0.6641851	1	2.2881021	1.831143	3.1351702	4.4106607	3.6458704	1.5144696
Dehydrogenase complexes	8.757782	46.87105	18.577053	30.552517	5	98.38839	6.10381	15.675851	35.285286	11.666785	90.86818
Threonine anaerobic catabolism gene cluster	8.084106	4.882401	0	0	0	0	2.441524	0.62703407	0	0	0
Macrolides. lincosamides. streptogramins. ketolides. oxazolidinones (MLSKO) resistance: ribosomal protection	8.084106	9.764802	29.904524	39.85111	10	2.2881021	12.20762	52.043827	97.916664	198.33536	0.7572348
Resistance to the fluoroquinolones norfloxacin and ciprofloxacin	8.084106	6.8353615	0.45309883	0.6641851	0	0	2.441524	0	1.7642642	1.4583482	0
Entericidin	7.4104314	0.97648025	0	0	0	0	3.051905	2.5081363	0	0	0
NADH ubiquinone oxidoreductase	7.4104314	7.811842	0	0	1	0	1.220762	0	0	0.7291741	0
Malonate decarboxylase	7.4104314	1.9529605	3.6247907	4.649296	0	3.8135035	2.441524	8.778477	0.8821321	1.4583482	0.7572348
Ribitol utilization	7.4104314	1.9529605	0.90619767	1.9925554	2	3.8135035	3.051905	3.7622042	2.6463964	1.4583482	0.7572348
Glutathione ABC transporter	6.736756	5.8588815	0	0	1	1.5254014	4.272667	0.62703407	0	0	0
Sucrose to levan conversions	6.736756	6.8353615	37.154106	17.932999	22	3.8135035	4.272667	12.540681	74.98123	17.500177	4.543409
Siderophore Yersiniabactin Biosynthesis	6.736756	7.811842	0	0	4	0	1.220762	1.2540681	0	0	0
ABC transporter tungstate (TC 3.A.1.6.2)	6.06308	2.9294407	0.90619767	0.6641851	0	12.203211	52.492767	31.978737	4.4106607	5.8333926	7.572348
Multi-subunit cation antiporter	6.06308	3.905921	6.7964826	6.6418514	1	2.2881021	10.376477	22.573225	3.5285285	18.229353	6.0578785
Aminoglycoside modifying enzymes: O-phosphotransferases	6.06308	13.670723	1.3592966	0	1	0.7627007	18.92181	3.1351702	0.8821321	7.291741	9.086818
ABC transporter YxeMNO	5.3894043	1.9529605	4.0778894	1.3283702	4	3.0508027	5.493429	8.151443	7.9391894	9.479263	4.543409
Oxygen-sensing two-component regulatory system NreABC	5.3894043	3.905921	0.45309883	1.9925554	3	0	3.051905	3.7622042	3.5285285	1.4583482	0
DNA phosphorothioation-dependent restriction system DptFGH	4.7157288	12.694243	1.3592966	1.9925554	28	6.864306	0	1.8811021	17.642643	12.39596	3.0289392
Integrons	4.7157288	11.717763	27.639029	17.932999	3	37.372334	9.155715	13.794749	7.057057	16.04183	184.7653
Exosporium	4.042053	0	3.171692	0.6641851	5	0	0	0.62703407	4.4106607	2.1875222	0
Electron-bifurcating caffeyl-CoA reductase-Etf complex	4.042053	2.9294407	0.90619767	3.9851108	1	0.7627007	4.883048	2.5081363	9.703453	10.208437	1.5144696
Na(+) H(+) antiporter	4.042053	61.518253	1.8123953	0.6641851	0	0	0	0	0	0	4.543409
Alpha-acetolactate operon	4.042053	11.717763	10.421273	9.962777	13	0	0.610381	2.5081363	29.110361	4.3750443	0
2-O-alpha-mannosyl-D-glycerate utilization	4.042053	0.97648025	5.890285	1.3283702	6	3.0508027	7.324572	5.6433063	2.6463964	6.5625668	3.786174
Pterin synthesis related cluster	4.042053	1.9529605	0.90619767	3.3209257	2	2.2881021	3.051905	3.1351702	1.7642642	0	5.300644
Siderophore Pyoverdine	4.042053	7.811842	0	0	0	0	0.610381	1.2540681	0.8821321	0.7291741	0
Dissimilatory nitrite reductase	4.042053	7.811842	0.90619767	0	1	1.5254014	0.610381	0.62703407	0	0	1.5144696
Listeria surface proteins: Internalin-like proteins	4.042053	4.882401	9.968175	35.201813	21	5.338905	7.324572	11.2866125	18.524775	51.042187	4.543409
Mechanisms of PAS resistance	4.042053	0.97648025	15.858459	7.3060365	6	2.2881021	3.051905	6.8973746	14.996246	5.1042185	4.543409
Resistance to chromium compounds	4.042053	2.9294407	5.890285	9.962777	6	16.779415	7.324572	8.778477	16.760511	5.8333926	27.260454
Vancomycin resistance. D-Ala-D-Ser. D-Ala-Lac ligases	4.042053	6.8353615	74.30821	104.27707	4	6.864306	9.155715	26.962463	43.224476	38.646225	21.95981
Lipopolysaccharide-related cluster in Alphaproteobacteria	3.368378	1.9529605	0.90619767	2.6567404	0	0	3.662286	1.2540681	2.6463964	0	3.0289392
EcsAB transporter affecting expression and secretion of secretory preproteins	3.368378	10.741282	27.18593	11.291147	11	0.7627007	2.441524	5.6433063	50.281532	2.1875222	3.0289392
Methylhydantoinase	3.368378	6.8353615	8.608878	21.91811	3	20.592918	34.791718	28.843567	9.703453	23.33357	12.8729925
Poly-gamma-glutamate biosynthesis	3.368378	6.8353615	1.8123953	6.6418514	1	26.694523	3.051905	6.2703404	1.7642642	10.208437	6.0578785
Glycyl-tRNA synthetase	3.368378	0	9.515076	5.313481	3	2.2881021	3.051905	3.1351702	15.878379	5.1042185	20.445341
tRNA aminoacylation. Pyr	3.368378	3.905921	0.45309883	0	0	0	12.818001	2.5081363	0	0	4.543409
Hydrolysis of sphingomyelin	3.368378	26.364967	3.171692	0.6641851	1	15.254014	1.831143	3.1351702	3.5285285	2.9166963	6.0578785
Vancomycin resistance. D-Ala-D-Ala dipeptidases and carboxypeptidases	3.368378	30.270887	64.79314	92.985916	4	10.67781	37.233242	44.519417	19.406906	39.3754	26.50322
Glutathione analogs: mycothiol	3.368378	0	3.6247907	0.6641851	0	0	3.051905	0.62703407	0	10.937612	1.5144696
Alginate biosynthesis	2.6947021	0	0.90619767	0.6641851	0	0	0	1.2540681	0	0.7291741	0.7572348
Dipicolinate Synthesis	2.6947021	7.811842	35.794807	65.754326	3	10.67781	17.090668	8.151443	11.467718	10.208437	12.115757
Efflux ABC transporters BmrCD and LmrCD involved in multidrug resistance	2.6947021	4.882401	4.0778894	0.6641851	2	1.5254014	1.220762	3.7622042	4.4106607	2.9166963	0.7572348
Cysteine dioxygenase containing cluster 1	2.6947021	0.97648025	2.7185931	0.6641851	1	0	9.155715	1.2540681	8.8213215	0	0
Sulfate assimilation related cluster	2.6947021	0.97648025	0	1.9925554	3	0	1.220762	0	0.8821321	4.3750443	0
Cell invasion-related virulence operon MCE	2.6947021	0	0	0	0	0	0	0	0	0	0
Bacillithiol synthesis	2.6947021	0.97648025	0	0	0	1.5254014	0.610381	0	0	0.7291741	2.2717044
Glycerol fermentation to 1.3-propanediol	2.0210266	2.9294407	0.45309883	0	5	3.8135035	2.441524	11.913647	0.8821321	5.1042185	6.8151135
Desulfovibrio high-molecular-weight cytochrome cluster	2.0210266	4.882401	0	1.3283702	0	0	7.324572	1.2540681	0	0	6.8151135
AttEFGH ABC Transport System	2.0210266	0	0.45309883	0.6641851	1	0	0	0	0	0.7291741	0
HMG CoA Synthesis	2.0210266	2.9294407	2.265494	0	1	0	4.272667	0	0	2.1875222	2.2717044
Pyrroloquinoline Quinone biosynthesis	2.0210266	0.97648025	0	0	0	0.7627007	0	0	0	0	1.5144696
Chlorophyll Biosynthesis in plants and prokaryotes	2.0210266	0.97648025	32.623116	0.6641851	0	2.2881021	1.831143	1.8811021	9.703453	8.750089	0
Hopanoid biosynthesis	2.0210266	3.905921	4.0778894	1.9925554	0	3.0508027	1.220762	0.62703407	1.7642642	2.9166963	5.300644
Siderophore pyochelin	2.0210266	6.8353615	0	0	0	0	0.610381	1.2540681	0.8821321	0.7291741	0
Sulfate reduction-associated complexes	2.0210266	7.811842	1.8123953	4.649296	2	4.5762043	15.259525	1.8811021	0.8821321	1.4583482	12.115757
Adhesins in Staphylococcus	2.0210266	7.811842	4.0778894	1.3283702	0	1.5254014	1.220762	1.2540681	18.524775	8.750089	4.543409
Fosfomycin resistance	2.0210266	0	0	0	0	0	0	0	0	0	0
Plasmid replication	1.3473511	0	2.265494	1.9925554	0	1.5254014	0	0.62703407	2.6463964	2.9166963	2.2717044
Glycerol ABC transporter	1.3473511	0	0.45309883	1.3283702	2	0	1.220762	1.2540681	0.8821321	2.9166963	0.7572348
An Arabinose Sensor	1.3473511	0	3.171692	1.9925554	0	0.7627007	1.831143	5.6433063	2.6463964	0.7291741	3.0289392
Mycobacterial gene cluster associated with resistance against FAS-II antibiotics	1.3473511	0	0	0.6641851	0	0	0	0	0	0	0
Acyclic terpene utilization	1.3473511	0	0	0	0	0	0.610381	0.62703407	0	0	0
Polysulfide reductase EC 1.12.98.4 and Thiosulfate reductase	1.3473511	0	0	0	0	0	0	0	0	0	0
Modification of eukaryotic initiation factor 5A	1.3473511	0	1.3592966	2.6567404	0	3.0508027	0	0	12.34985	73.64658	0
Pyrrolysine	1.3473511	0	0	0	0	0	1.831143	0.62703407	0	0	0.7572348
BOX elements in Streptococci	1.3473511	4.882401	9.515076	1.3283702	1	0	1.220762	4.3892384	9.703453	0.7291741	0
G-protein-coupled receptor (GPCR) system in Actinobacteria	1.3473511	0.97648025	0	0	0	1.5254014	0	0	0	0	0
Transcription factors. cyanobacterial RpoD-like sigma factors	1.3473511	0.97648025	0.45309883	0	0	0.7627007	0	0.62703407	0	1.4583482	0
Mycobacterial lipoproteins (LPR group)	1.3473511	5.8588815	5.4371862	0.6641851	6	0	0.610381	3.1351702	8.8213215	0	0
Actinobacterial signal transduction system MtrAB-LpqB	1.3473511	0	1.3592966	0	3	0	1.831143	1.2540681	0	3.6458704	0.7572348
Beta-lactamases Ambler class D	1.3473511	0	0.45309883	0	0	0	0	1.2540681	0	0	0.7572348
VraTSR and LiaFSR three-component regulatory systems	1.3473511	14.647203	16.311558	10.626962	4	0.7627007	6.10381	10.659578	53.81006	0.7291741	0.7572348
O-methyl phosphoramidate modification in capsular polysaccharide	0.67367554	0.97648025	0	0	0	1.5254014	0.610381	3.1351702	0.8821321	0.7291741	1.5144696
Phosphatidylinositol mannosides biosynthesis related cluster	0.67367554	0	3.171692	0.6641851	2	3.8135035	4.272667	5.0162725	3.5285285	5.8333926	1.5144696
ATP-dependent Nuclease	0.67367554	0	0.45309883	0	0	20.592918	1.220762	1.2540681	2.6463964	0	4.543409
Degradation of branched-chain amino acids and alpha-keto acids [Leu. Val]	0.67367554	1.9529605	0.90619767	0.6641851	0	0.7627007	0	0	0.8821321	0.7291741	0.7572348
Lipoylation-related cluster	0.67367554	0.97648025	13.139866	7.9702215	2	0.7627007	1.220762	5.6433063	25.581833	2.9166963	1.5144696
Fatty acid catabolic operon fadN-fadA-fadE (yusJKL)	0.67367554	2.9294407	0.90619767	1.3283702	0	0.7627007	1.220762	0	2.6463964	2.1875222	1.5144696
Mycobacterial FadD proteins (fatty acid CoA- and AMP- ligases)	0.67367554	0.97648025	0	0	0	0.7627007	0	0	0.8821321	1.4583482	0
Cholesterol catabolism	0.67367554	0	0	0	0	1.5254014	0.610381	0	0	0	0.7572348
Amidase clustered with urea and nitrile hydratase functions	0.67367554	0	0	0	1	0	0	0	0	0	0
Nitrogen fixation	0.67367554	0	1.3592966	1.9925554	1	1.5254014	1.220762	1.2540681	4.4106607	14.583482	3.786174
The Chv two-component regulatory system	0.67367554	0	0.90619767	1.3283702	0	0.7627007	0	0	2.6463964	0	0
Teicoplanin resistance in Staphylococci	0.67367554	0	0	1.3283702	0	0	0	0	4.4106607	0	0
Vancomycin resistance. VanT serine racemases	0.67367554	2.9294407	3.6247907	1.3283702	2	2.2881021	7.9349527	40.13018	38.813812	25.521093	12.115757
Ectoine synthesis	0.67367554	0	0.90619767	0	0	0	0	0	0	2.1875222	1.5144696
Hyaluronic Acid-containing Cell Walls	0	0	0	0	0	0	0.610381	0	1.7642642	0	0
Protein-O-mannosyltransferase and 16S rRNA (cytidine(1402)-2'-O)-methyltransferase cluster	0	0	1.8123953	0.6641851	1	0	2.441524	0	2.6463964	9.479263	0.7572348
Galactosamine Substituent of Arabinogalactan in Mycobacteria	0	0	0.45309883	0	0	0	1.220762	0.62703407	0.8821321	1.4583482	0
Mycobacterial signal transduction system MprAB required for persistent infections	0	0	0.45309883	0	0	0	0	0.62703407	0	4.3750443	0
Biofilm formation in Staphylococcus	0	0	0	0	0	0	1.220762	0	0.8821321	0	0
DNA recombination. archaeal	0	0	0	0	0	0	0	0	26.463964	155.31409	0
Potential DNA repair cluster	0	1.9529605	0.45309883	1.9925554	3	0.7627007	1.220762	1.8811021	0	1.4583482	0.7572348
DNA topoisomerases. Type II. ATP-dependent	0	0	0	0	0	0.7627007	0	0	29.992493	134.16803	0
Methanogenesis from methylated compounds	0	0	0.90619767	0	0	0	0	0	29.992493	163.33499	0.7572348
Anaerobic respiratory complex QmoABC	0	0	1.8123953	1.9925554	0	0	0	0	0	0	0
Heme O and Heme A biosynthesis (with selected terminal oxidases)	0	0.97648025	0.90619767	0	0	4.5762043	2.441524	16.92992	2.6463964	1.4583482	26.50322
Tetrathionate respiration	0	0	29.451424	0.6641851	1	0.7627007	0	0.62703407	4.4106607	8.020915	0.7572348
Coenzyme F420 hydrogenase	0	0	0	0	0	0	0	0	38.813812	181.56435	0
H2:CoM-S-S-HTP oxidoreductase	0	0	0	0	0	0	0	0	0.8821321	2.1875222	0
Archaeal membrane bound hydrogenases	0	0	0	0	0	0	0	0	54.692192	326.66998	0
Mebrane bound hydrogenases	0	0	0	0	0	0	0	0	50.281532	293.85715	0
NAD-reducing [NiFe] hydrogenase HoxFUYH(E)	0	0	0.90619767	0	0	0	1.220762	1.8811021	0.8821321	2.9166963	0
NADP-reducing [FeFe]-hydrogenase	0	0	14.499163	13.283703	0	0	0.610381	0.62703407	3.5285285	1.4583482	8.329583
Tmc complex	0	1.9529605	0	0	0	0	4.883048	0	0	1.4583482	7.572348
ABC transporter of unknown substrate X	0	4.882401	3.171692	0.6641851	0	0	0	0	2.6463964	0	0
alpha-glucoside ABC transporter	0	0.97648025	0	0	0	0	0.610381	1.2540681	0	0	0.7572348
Copper transport and blue copper proteins	0	6.8353615	1.3592966	0	1	0	0	0	0	0	0
DevBCA efflux pump transporter (of ABC type) cyanobacterial	0	0.97648025	0.45309883	1.3283702	0	0.7627007	2.441524	1.8811021	0.8821321	0.7291741	0
Mycobacterial lipid and multidrug efflux system proteins MmpL. MmpS	0	0	0	0	2	0	0	0	0	0	0.7572348
Sarcosine oxidases. monomeric and heterotetrameric	0	0	0	0.6641851	0	0	0.610381	1.2540681	0	0	0
Lysine Biosynthesis via alpha-aminoadipate AAA	0	0	0	0.6641851	0	0.7627007	2.441524	1.2540681	0	0	0
Tricarballylate Utilization	0	0	0	1.3283702	0	0	0	0	0	0	0.7572348
RuBisCO operon	0	0	1.3592966	1.9925554	0	0	0	0.62703407	0	0	0
D-galacturonate utilization. oxidative pathway	0	0	0	0	0	0	0	0.62703407	0	2.9166963	0
Coenzyme B synthesis	0	0	0	0.6641851	0	0	0	0.62703407	32.63889	234.79405	0
Coenzyme F420 synthesis	0	0	0	0	0	0	0	0	122.61636	625.63135	0
Methanofuran biosynthesis	0	0	0	0	0	0	0	0	37.04955	282.19037	0
Mycofactocin system cluster	0	0	0.45309883	0	0	0	1.831143	0.62703407	0	0	0
Riboflavin. FMN and FAD biosynthesis in Archaea	0	0	0.45309883	0	0	0	0	0	101.4452	518.44275	0
Mycobacterial heme acquisition system	0	0	0.45309883	1.3283702	0	0	0	0	0	2.1875222	0
Mycobacterial HadABC proteins ((3R)-hydroxyacyl-ACP dehydrates of FASII)	0	0	0.45309883	0.6641851	0	0	0	0	1.7642642	0	0
Phosphonate (phosphite) dehydrogenase	0	0	0	0	0	0	0	0	0	1.4583482	0
Sulfurtransferase and Ssec cluster	0	0	0	0	0	0	1.220762	0	0.8821321	0	0
Archease	0	0	0	0	0	0	0	0	14.114114	55.417233	0
Mycobacterial FadE proteins Acyl-CoA dehydrogenase	0	1.9529605	0	0	0	0.7627007	1.831143	0	0	0	0
Nicotinate catabolism. anaerobic	0	0	1.8123953	21.253923	0	0	2.441524	3.7622042	7.057057	0	5.300644
Prefoldin	0	0	0	0	0	0	0	0	21.171171	109.376114	0
N.N'-diacetylbacillosamine	0	0	0.45309883	1.3283702	1	0	0	0	0	0	0
Diphthamide biosynthesis	0	0	0	0	0	0	0	0	37.04955	173.54343	0
Twin-arginine translocation system related cluster	0	1.9529605	6.343384	1.3283702	0	0.7627007	4.272667	9.405511	6.174925	8.020915	0
Ribosome LSU. eukaryotic and archaeal	0	0	0	0	0	0	0	0	188.77628	1098.8654	0
Ribosome SSU. eukaryotic and archaeal	0	0	0	0	0	0	0	0	184.36562	998.9685	0
Translation elongation factors. eukaryotic and archaeal	0	0	0	0	0	0	0	0	37.04955	237.71075	0
Translation initiation factors. eukaryotic and archaeal	0	0	0	0	0	0	0	0	92.62387	478.3382	0
Sigma54-dependent transcription related gene cluster 2	0	0	0.90619767	0.6641851	0	0	1.831143	1.8811021	1.7642642	0	0
Box C-D RNA-guided RNA methyltransferase	0	0	0	0	0	0	0	0	28.228228	152.39738	0
Exosome	0	0	0	0	0	0	0	0	36.16742	157.5016	0
mRNA 3-end processing factor containing cluster	0	0	0	0	0	0	0	0	0	4.3750443	0
Ribonuclease P. archaeal and eukaryal	0	0	0	0	0	0	0	0	37.04955	187.39774	0
Ribosome biogenesis. archaeal	0	0	0	0	0	0	0	0	72.33484	346.3577	0
tRNA splicing	0	0	0	0	0	0	0	1.2540681	29.110361	140.00142	0
RNA polymerase. archaeal	0	0	0	0	0	0	0	0	116.441444	602.2978	0
RNA polymerase. archaeal initiation factors	0	0	0	0	0	0	0	0	29.110361	164.06416	0
Transcription elongation factors. archaeal	0	0	0	0	0	0	0	0	41.46021	276.357	0
Bacillus subtilis yydFGHIJ operon	0	0	0	0	0	1.5254014	0	0	0	0	0
Gallic acid utilization	0	0	0	0	0	1.5254014	0	0	0	0.7291741	0
Thiazole.oxazole-modified microcins	0	0	0	0	0	0	18.31143	17.556953	0.8821321	0	0
Quinolone (Fluoroquinolone) resistance via Pentapeptide repeat proteins	0	0.97648025	3.171692	2.6567404	0	0.7627007	0.610381	1.2540681	9.703453	0	0
Zwittermicin A resistance	0	0	0	0	0	0	2.441524	0.62703407	0	0	0
Stress response and cell wall lysis cluster	0	0.97648025	1.8123953	0	1	0.7627007	4.272667	1.2540681	0	0.7291741	3.0289392
Ectoine. hydroxyectoine uptake and catabolism	0	0.97648025	0	0	0	0.7627007	0	0.62703407	0	1.4583482	0
Glycine betaine synthesis from choline	0	0	0.45309883	2.6567404	1	0.7627007	0	0	0.8821321	0	3.0289392
Pore-forming cytolytic toxins	0	0	0	0	0	0	0	0	2.6463964	0	0