Taxa	1103_V2_D1	1103_V6_D29	2103_V2_D1	2103_V6_D29	2202_V2_D1	2202_V5_D22	3204_V2_D1	3204_V6_D29	3216_V2_D1	3216_V6_D29	3218_V2_D1	3218_V6_D29	taxonomy
[Eubacterium] rectale	0.34766	0.227	0.20889	0.25267	0.10039	0.1546	0.43057	0.32052	0.06875	0.01389	0.16078	0.19553	[Eubacterium] rectale
Bifidobacterium longum	0.08517	0.03036	0.0288	0.02312	0.24868	0.11674	0.06618	0.06051	0.01727	0.03525	0.06706	0.04971	Bifidobacterium longum
Faecalibacterium prausnitzii	0.0554	0.0555	0.22139	0.06774	0.03866	0.14083	0.03492	0.01385	0.11689	0.04148	0.16836	0.15529	Faecalibacterium prausnitzii
Collinsella aerofaciens	0.05621	0.02516	0.05616	0.05901	0.13078	0.04778	0.00037	0.00035	0.05284	0.15596	0.08764	0.04932	Collinsella aerofaciens
Methanobrevibacter smithii	0.00004	0.00004	0.00002	0.00003	0.00003	0.00001	0.00003	0.00004	0.00732	0.11604	0.00002	0.00002	Methanobrevibacter smithii
Bifidobacterium adolescentis	0.06539	0.0107	0.0881	0.1087	0.00053	0.00028	0.0003	0.00033	0.06781	0.07487	0.06513	0.04214	Bifidobacterium adolescentis
Bacteroides vulgatus	0.00194	0.08474	0.01228	0.006	0.00061	0.03875	0.0013	0.00118	0.00745	0.00064	0.00625	0.01689	Bacteroides vulgatus
Anaerostipes hadrus	0.01243	0.0222	0.01538	0.0539	0.03305	0.04226	0.05613	0.02668	0.06874	0.08276	0.01251	0.01479	Anaerostipes hadrus
Roseburia intestinalis	0.02555	0.04926	0.02488	0.03098	0.0273	0.02981	0.03456	0.02672	0.06211	0.01283	0.03222	0.04652	Roseburia intestinalis
Ruminococcus bicirculans	0.00123	0.06206	0.00193	0.00307	0.00131	0.01526	0.00323	0.00503	0.00634	0.00701	0.01338	0.03034	Ruminococcus bicirculans
Akkermansia muciniphila	0.00008	0.00042	0.00043	0.00148	0.00016	0.01861	0.0001	0.06174	0.00043	0.00043	0.01289	0.00145	Akkermansia muciniphila
[Eubacterium] hallii	0.02464	0.02271	0.00807	0.01444	0.03496	0.01528	0.04575	0.0606	0.02299	0.02328	0.0129	0.01878	[Eubacterium] hallii
Bifidobacterium angulatum	0.00019	0.00005	0.0005	0.00069	0.00007	0.00005	0.0001	0.00012	0.05062	0.05922	0.00059	0.00026	Bifidobacterium angulatum
Erysipelotrichaceae bacterium GAM147	0.01808	0.02555	0.00653	0.00793	0.04059	0.02147	0.02893	0.02896	0.01351	0.00655	0.00294	0.00352	Erysipelotrichaceae bacterium GAM147
Lachnospiraceae bacterium GAM79	0.00678	0.0084	0.01463	0.01222	0.01314	0.00945	0.00931	0.0097	0.03997	0.00999	0.01698	0.016	Lachnospiraceae bacterium GAM79
Bifidobacterium pseudocatenulatum	0.00734	0.00042	0.0027	0.0041	0.00054	0.00029	0.0001	0.00013	0.00154	0.00259	0.03887	0.01297	Bifidobacterium pseudocatenulatum
Blautia sp. YL58	0.01476	0.01226	0.00333	0.00535	0.01536	0.00581	0.03484	0.03822	0.00513	0.00636	0.00493	0.00515	Blautia sp. YL58
[Ruminococcus] gnavus	0.02299	0.01308	0.00666	0.0088	0.02068	0.01401	0.01927	0.0341	0.01228	0.01026	0.00809	0.0099	[Ruminococcus] gnavus
Clostridioides difficile	0.00767	0.0082	0.00784	0.00696	0.01528	0.01166	0.00905	0.01198	0.01015	0.01527	0.02994	0.02001	Clostridioides difficile
Bacteroides ovatus	0.00113	0.02944	0.00435	0.00484	0.00038	0.00995	0.00106	0.00074	0.0046	0.00044	0.00156	0.00378	Bacteroides ovatus
Bacteroides fragilis	0.00064	0.00659	0.0042	0.00227	0.00154	0.02721	0.00106	0.00092	0.00284	0.00032	0.0043	0.00481	Bacteroides fragilis
Bifidobacterium catenulatum	0.00069	0.00018	0.01749	0.02575	0.00043	0.00029	0.0002	0.00024	0.00039	0.00039	0.00172	0.00075	Bifidobacterium catenulatum
Eggerthella lenta	0.00369	0.00114	0.00102	0.00082	0.00523	0.00658	0.00746	0.0231	0.00161	0.00248	0.00536	0.00123	Eggerthella lenta
Bacteroides xylanisolvens	0.00032	0.00724	0.00172	0.00176	0.00067	0.02301	0.00017	0.00013	0.00377	0.00014	0.00308	0.00734	Bacteroides xylanisolvens
Escherichia coli	0.02092	0.02256	0.00016	0.00019	0.00413	0.00491	0.00698	0.00645	0.00033	0.00044	0.00057	0.00077	Escherichia coli
Bifidobacterium bifidum	0.00066	0.00033	0.01391	0.02247	0.00029	0.00028	0.00035	0.00041	0.00067	0.00101	0.00067	0.0006	Bifidobacterium bifidum
Bacteroides uniformis	0.0007	0.01159	0.00807	0.01377	0.00048	0.02215	0.00037	0.00049	0.00153	0.00231	0.00029	0.00071	Bacteroides uniformis
Lachnospiraceae bacterium Choco86	0.01116	0.01123	0.01249	0.01781	0.02082	0.01317	0.01624	0.01807	0.01579	0.01583	0.00788	0.00945	Lachnospiraceae bacterium Choco86
Roseburia hominis	0.00841	0.00966	0.01277	0.00956	0.01513	0.01378	0.01268	0.01267	0.01681	0.0107	0.01867	0.01429	Roseburia hominis
[Eubacterium] eligens	0.00305	0.0184	0.00723	0.00519	0.00326	0.0034	0.00319	0.00338	0.00798	0.0041	0.00217	0.00407	[Eubacterium] eligens
Megamonas hypermegale	0.01824	0.0046	0.00005	0.00007	0.00006	0.00004	0.0001	0.0001	0.00011	0.00011	0.00003	0.00008	Megamonas hypermegale
Clostridium sporogenes	0.0085	0.01103	0.00512	0.00632	0.01758	0.00891	0.01287	0.01375	0.0088	0.00758	0.00476	0.00516	Clostridium sporogenes
uncultured crAssphage	0.00001	0.00001	0	0	0.00646	0.01544	0	0.00001	0.00118	0.00246	0.00534	0.00141	uncultured crAssphage
[Clostridium] scindens	0.00423	0.00429	0.00215	0.00385	0.00534	0.00638	0.01474	0.01371	0.00473	0.00439	0.00314	0.00372	[Clostridium] scindens
Campylobacter jejuni	0.00193	0.00145	0.01455	0.00404	0.00011	0.00008	0.00011	0.00014	0.00101	0.00065	0.01152	0.00226	Campylobacter jejuni
Dialister sp. Marseille-P5638	0.00439	0.00039	0.0108	0.01361	0.00011	0.00045	0.00039	0.00066	0.0001	0.00011	0.0005	0.00115	Dialister sp. Marseille-P5638
Streptococcus salivarius	0.00043	0.00009	0.00214	0.00203	0.00148	0.00015	0.00062	0.00252	0.01267	0.00018	0.00015	0.00034	Streptococcus salivarius
[Clostridium] bolteae	0.0018	0.00224	0.00281	0.00252	0.00248	0.0023	0.00707	0.01045	0.00256	0.0023	0.00308	0.0036	[Clostridium] bolteae
Streptococcus thermophilus	0.00018	0.01025	0.00023	0.00027	0.00852	0.0011	0.00016	0.0042	0.00063	0.0001	0.00015	0.00028	Streptococcus thermophilus
Acidaminococcus intestini	0.0101	0.00622	0.00004	0.00007	0.00008	0.00006	0.00066	0.0005	0.0001	0.00009	0.00007	0.00012	Acidaminococcus intestini
Blautia hansenii	0.00586	0.00606	0.00208	0.00449	0.00732	0.00336	0.00865	0.01006	0.00508	0.00475	0.00314	0.00382	Blautia hansenii
Blautia producta	0.00273	0.00328	0.00214	0.00465	0.00579	0.00339	0.00678	0.00968	0.00439	0.00424	0.0018	0.00304	Blautia producta
Clostridiales bacterium CCNA10	0.00289	0.00435	0.0048	0.00353	0.00163	0.00312	0.00148	0.00164	0.00351	0.00344	0.0085	0.0059	Clostridiales bacterium CCNA10
Bacteroides caccae	0.00071	0.00128	0.00045	0.00086	0.00007	0.00055	0.00005	0.00007	0.00038	0.00008	0.00348	0.00826	Bacteroides caccae
Bacteroides thetaiotaomicron	0.00023	0.00525	0.00162	0.00229	0.00022	0.00431	0.00004	0.00017	0.00823	0.00029	0.00026	0.00068	Bacteroides thetaiotaomicron
Mordavella sp. Marseille-P3756	0.00184	0.00261	0.00214	0.00307	0.00631	0.00487	0.00438	0.00356	0.00306	0.00299	0.00816	0.0043	Mordavella sp. Marseille-P3756
Blautia sp. N6H1-15	0.00417	0.00448	0.00238	0.00525	0.00807	0.0043	0.00538	0.00725	0.00559	0.00536	0.00281	0.00417	Blautia sp. N6H1-15
Lactococcus lactis	0.00055	0.00803	0.00019	0.00032	0.00065	0.00038	0.00013	0.00015	0.00031	0.00019	0.00021	0.00025	Lactococcus lactis
Bacteroides dorei	0.00086	0.008	0.00244	0.00126	0.00013	0.00262	0.00035	0.0047	0.00143	0.00018	0.00078	0.00187	Bacteroides dorei
Ruthenibacterium lactatiformans	0.00121	0.0025	0.00266	0.00342	0.00121	0.00261	0.00265	0.00769	0.00318	0.00412	0.00636	0.00742	Ruthenibacterium lactatiformans
Parabacteroides distasonis	0.00012	0.00122	0.00224	0.00166	0.00007	0.00147	0.00004	0.00014	0.00249	0.00029	0.00307	0.00756	Parabacteroides distasonis
Bifidobacterium kashiwanohense	0.00091	0.00016	0.00514	0.00735	0.00332	0.00195	0.0001	0.00009	0.00042	0.00055	0.00251	0.00122	Bifidobacterium kashiwanohense
Faecalitalea cylindroides	0.00509	0.00415	0.00443	0.00675	0.00695	0.00327	0.00157	0.00231	0.00528	0.0052	0.00352	0.00336	Faecalitalea cylindroides
Blautia coccoides	0.00594	0.00583	0.00075	0.00312	0.0049	0.00183	0.0041	0.00672	0.00239	0.00126	0.0003	0.00176	Blautia coccoides
Paeniclostridium sordellii	0.00045	0.00073	0.00009	0.00011	0.00336	0.00152	0.00066	0.00036	0.00113	0.00653	0.0001	0.00058	Paeniclostridium sordellii
Alistipes finegoldii	0.00016	0.00114	0.00098	0.00098	0.00005	0.00595	0.00003	0.00002	0.00074	0.00019	0.00079	0.00111	Alistipes finegoldii
Paenibacillus larvae	0.00135	0.00124	0.00275	0.00365	0.00214	0.00149	0.0017	0.00207	0.00406	0.00582	0.00224	0.00379	Paenibacillus larvae
Lachnoclostridium sp. YL32	0.00167	0.0019	0.00147	0.00263	0.00373	0.00296	0.00521	0.00437	0.00251	0.00265	0.00198	0.00255	Lachnoclostridium sp. YL32
Adlercreutzia equolifaciens	0.00012	0.00012	0.0003	0.00037	0.00005	0.00009	0.00005	0.00009	0.00042	0.00087	0.00498	0.00331	Adlercreutzia equolifaciens
Gordonibacter pamelaeae	0.00047	0.00032	0.00141	0.00114	0.00073	0.00242	0.00006	0.00021	0.00096	0.00256	0.00485	0.00107	Gordonibacter pamelaeae
Lachnospiraceae bacterium	0.00228	0.00243	0.00117	0.00202	0.00327	0.00207	0.00293	0.00476	0.00313	0.00279	0.00112	0.00223	Lachnospiraceae bacterium
Christensenella minuta	0.00249	0.00258	0.00413	0.00431	0.0014	0.00155	0.00084	0.00035	0.00242	0.00333	0.00117	0.00097	Christensenella minuta
Turicibacter sp. H121	0.00176	0.00159	0.00022	0.00011	0.00301	0.00048	0.00011	0.00047	0.00429	0.00144	0.0002	0.00052	Turicibacter sp. H121
Lactobacillus plantarum	0.00005	0.00004	0.00006	0.00007	0.00004	0.00004	0.00003	0.00005	0.00011	0.00411	0.0001	0.00017	Lactobacillus plantarum
Bifidobacterium breve	0.00162	0.00076	0.00207	0.00207	0.00388	0.00219	0.00222	0.00216	0.0013	0.00167	0.0018	0.00132	Bifidobacterium breve
Lachnoclostridium phocaeense	0.00257	0.00257	0.00201	0.00332	0.00345	0.00231	0.0022	0.00268	0.00382	0.00374	0.00309	0.00325	Lachnoclostridium phocaeense
Oscillibacter sp. PEA192	0.00057	0.00228	0.00194	0.00188	0.00027	0.00201	0.00025	0.0004	0.00238	0.00267	0.00382	0.00335	Oscillibacter sp. PEA192
Enterococcus faecium	0.00156	0.00138	0.00086	0.00183	0.00373	0.00252	0.00121	0.00168	0.00234	0.00189	0.00233	0.00262	Enterococcus faecium
Megasphaera elsdenii	0.00364	0.00069	0.00011	0.00014	0.0002	0.00016	0.00012	0.00015	0.00022	0.0002	0.00022	0.00031	Megasphaera elsdenii
Prevotella ruminicola	0.00004	0.00015	0.00098	0.00016	0.00004	0.00004	0.00001	0.00001	0.00358	0.00013	0.00003	0.00006	Prevotella ruminicola
Alistipes shahii	0.00008	0.00056	0.00342	0.00127	0.00002	0.00151	0.00003	0.00005	0.00238	0.00042	0.00086	0.00099	Alistipes shahii
Intestinimonas butyriciproducens	0.00058	0.0008	0.00126	0.00189	0.00039	0.00099	0.00098	0.00123	0.00204	0.00238	0.00341	0.0034	Intestinimonas butyriciproducens
Bacteroides caecimuris	0.00006	0.00111	0.00049	0.0006	0.00012	0.00335	0.00008	0.00008	0.00064	0.00008	0.00043	0.00117	Bacteroides caecimuris
Prevotella intermedia	0.00008	0.00021	0.0017	0.00034	0.00004	0.00008	0.00004	0.00005	0.00335	0.00012	0.00005	0.00013	Prevotella intermedia
Clostridium sp. SY8519	0.00307	0.00334	0.00112	0.00168	0.00275	0.00203	0.00073	0.00081	0.00234	0.00177	0.0015	0.00277	Clostridium sp. SY8519
Pseudomonas resinovorans	0.00045	0.00094	0.00159	0.00173	0.00054	0.00099	0.00045	0.00065	0.00154	0.00273	0.00247	0.0032	Pseudomonas resinovorans
Streptococcus equinus	0.00005	0.00004	0.00012	0.00025	0.00025	0.00004	0.00023	0.00049	0.0031	0.00006	0.00004	0.00007	Streptococcus equinus
Clostridium perfringens	0.0009	0.00042	0.0001	0.00022	0.00293	0.0003	0.00035	0.00052	0.00084	0.00223	0.0004	0.0007	Clostridium perfringens
Prevotella dentalis	0.00002	0.00016	0.00289	0.00042	0.00001	0.00003	0.00001	0.00001	0.00221	0.00009	0.00007	0.00009	Prevotella dentalis
Bacteroides intestinalis	0.00004	0.00039	0.00048	0.00064	0.00004	0.00274	0.00003	0.00004	0.00031	0.00006	0.0001	0.00037	Bacteroides intestinalis
Odoribacter splanchnicus	0.00003	0.00021	0.00265	0.00109	0.00003	0.00044	0.00001	0.00001	0.0014	0.00014	0.0003	0.0004	Odoribacter splanchnicus
Phascolarctobacterium faecium	0.00047	0.00263	0.00009	0.00031	0.00003	0.00001	0.00002	0.00003	0.00021	0.00004	0.00004	0.00011	Phascolarctobacterium faecium
Clostridium botulinum	0.00065	0.00046	0.00026	0.00036	0.00096	0.00038	0.0003	0.00049	0.00107	0.00261	0.00028	0.00089	Clostridium botulinum
Flavonifractor plautii	0.00079	0.00201	0.00086	0.00112	0.00054	0.00249	0.00046	0.0007	0.00132	0.00187	0.00255	0.00207	Flavonifractor plautii
[Clostridium] hylemonae	0.00164	0.00169	0.00078	0.0018	0.00219	0.00132	0.00123	0.00158	0.00249	0.00205	0.00067	0.00155	[Clostridium] hylemonae
Prevotella melaninogenica	0.00002	0.00006	0.00056	0.00011	0.00004	0.00004	0.00001	0.00002	0.00245	0.00007	0.00002	0.00004	Prevotella melaninogenica
Prevotella oris	0.00001	0.00007	0.00085	0.00012	0.00001	0.00001	0.00002	0.00002	0.00241	0.00008	0.00002	0.00003	Prevotella oris
Streptococcus agalactiae	0.00005	0.00012	0.00011	0.00019	0.00042	0.00035	0.00061	0.00052	0.00014	0.00017	0.00226	0.00146	Streptococcus agalactiae
[Eubacterium] cellulosolvens	0.00099	0.00123	0.00103	0.00183	0.00217	0.00134	0.00111	0.0013	0.00198	0.00159	0.00076	0.00156	[Eubacterium] cellulosolvens
Prevotella denticola	0.00002	0.0001	0.00161	0.00034	0.00003	0.00003	0.00001	0.00001	0.00215	0.00009	0.00005	0.00009	Prevotella denticola
Homo sapiens	0.00112	0.00104	0.00075	0.00107	0.00121	0.00081	0.00125	0.00145	0.00161	0.00211	0.00069	0.00155	Homo sapiens
Prevotella fusca	0.00001	0.00004	0.00041	0.00007	0.00001	0.00002	0	0.00001	0.00205	0.00005	0.00001	0.00001	Prevotella fusca
Capsicum annuum	0.00072	0.00074	0.00067	0.00093	0.00107	0.00067	0.00082	0.00097	0.00201	0.00194	0.00048	0.00123	Capsicum annuum
[Clostridium] hiranonis	0.00031	0.00038	0.00008	0.0001	0.00089	0.00045	0.0002	0.0002	0.00049	0.00196	0.00007	0.00041	[Clostridium] hiranonis
Monoglobus pectinilyticus	0.00046	0.00055	0.00051	0.00032	0.00042	0.00193	0.00049	0.00047	0.00053	0.00052	0.00156	0.00121	Monoglobus pectinilyticus
Phascolarctobacterium succinatutens	0.00033	0.00188	0.00008	0.00024	0.00006	0.00004	0.00008	0.00009	0.00032	0.00013	0.00003	0.00005	Phascolarctobacterium succinatutens
Ruminococcus champanellensis	0.00051	0.00137	0.00077	0.00098	0.00024	0.00028	0.00016	0.00025	0.00105	0.00156	0.00098	0.00183	Ruminococcus champanellensis
[Clostridium] innocuum	0.00067	0.00048	0.00016	0.00039	0.00074	0.00089	0.00047	0.0018	0.00045	0.00052	0.00035	0.00052	[Clostridium] innocuum
Erysipelotrichaceae bacterium I46	0.00057	0.00043	0.00011	0.00041	0.00048	0.0007	0.00051	0.0018	0.00049	0.00043	0.00051	0.00055	Erysipelotrichaceae bacterium I46
[Clostridium] sphenoides	0.00075	0.00097	0.00067	0.00141	0.00179	0.00103	0.00145	0.00171	0.00164	0.0014	0.00059	0.00117	[Clostridium] sphenoides
Actinomyces odontolyticus	0.00035	0.00017	0.00059	0.00032	0.00049	0.00036	0.0005	0.00135	0.0017	0.00082	0.00115	0.00046	Actinomyces odontolyticus
Veillonella dispar	0.00015	0.00013	0.00052	0.00029	0.00007	0.00004	0.00007	0.00004	0.00169	0.00006	0.00003	0.00006	Veillonella dispar
Clostridium baratii	0.00025	0.00016	0.00006	0.00011	0.00066	0.00015	0.00015	0.00026	0.00058	0.00166	0.00007	0.00043	Clostridium baratii
Streptococcus parasanguinis	0.00007	0.00004	0.00062	0.0002	0.00017	0.00006	0.00025	0.00066	0.00156	0.00002	0.00006	0.00006	Streptococcus parasanguinis
[Clostridium] saccharolyticum	0.00062	0.0008	0.00073	0.00132	0.00145	0.00088	0.00111	0.00117	0.00155	0.0012	0.00052	0.00102	[Clostridium] saccharolyticum
Paraprevotella xylaniphila	0.00002	0.0002	0.0009	0.0004	0.00003	0.00076	0.00002	0.00002	0.00152	0.0007	0.00029	0.0004	Paraprevotella xylaniphila
Butyrivibrio fibrisolvens	0.00088	0.00103	0.00075	0.00131	0.00129	0.00077	0.00096	0.00119	0.00151	0.00111	0.0006	0.00131	Butyrivibrio fibrisolvens
Clostridium septicum	0.00017	0.00009	0.00003	0.00007	0.00065	0.00007	0.00008	0.00021	0.00051	0.0015	0.00003	0.00037	Clostridium septicum
Hungatella hathewayi	0.00066	0.00088	0.00066	0.00122	0.0013	0.00095	0.00086	0.00102	0.00142	0.0011	0.0007	0.00145	Hungatella hathewayi
Streptococcus pasteurianus	0.00087	0.00066	0.0006	0.00054	0.00145	0.00096	0.0009	0.00107	0.0009	0.00089	0.0008	0.00072	Streptococcus pasteurianus
Clostridium chauvoei	0.00014	0.00008	0.00003	0.00006	0.00045	0.00006	0.00005	0.00016	0.00047	0.00141	0.00002	0.00035	Clostridium chauvoei
Streptococcus sp. HSISM1	0.00006	0.00004	0.00041	0.00011	0.00013	0.00004	0.00014	0.00043	0.00138	0.00001	0.00004	0.00004	Streptococcus sp. HSISM1
Clostridium butyricum	0.00025	0.00019	0.00008	0.00018	0.00054	0.00016	0.0002	0.00032	0.00059	0.00137	0.00008	0.00046	Clostridium butyricum
Parabacteroides sp. CT06	0.00002	0.00009	0.00068	0.00033	0.00002	0.00026	0	0	0.00017	0.00004	0.00057	0.00137	Parabacteroides sp. CT06
Anaerostipes rhamnosivorans	0.00075	0.00089	0.00053	0.00111	0.00134	0.00091	0.00087	0.00114	0.00131	0.00108	0.00052	0.00098	Anaerostipes rhamnosivorans
Eubacterium sp. YI	0.00041	0.00046	0.00055	0.00059	0.00044	0.00038	0.00026	0.00042	0.00051	0.0013	0.001	0.00087	Eubacterium sp. YI
Butyrivibrio proteoclasticus	0.00052	0.00062	0.00066	0.0009	0.00084	0.00059	0.00106	0.00129	0.00125	0.00084	0.00049	0.00108	Butyrivibrio proteoclasticus
Prevotella scopos	0.00001	0.00003	0.00064	0.0001	0.00001	0.00002	0.00002	0.00003	0.00129	0.00004	0.00001	0.00003	Prevotella scopos
Petrimonas mucosa	0.00001	0.00002	0.00125	0.00008	0	0.00001	0	0	0.00015	0.00002	0.00001	0.00003	Petrimonas mucosa
Gordonibacter urolithinfaciens	0.00048	0.00007	0.00013	0.00014	0.00008	0.00029	0.00033	0.00119	0.00015	0.0006	0.00124	0.00021	Gordonibacter urolithinfaciens
Rothia mucilaginosa	0.0001	0.0001	0.00063	0.00034	0.00017	0.00007	0.00005	0.00006	0.00123	0.00033	0.0008	0.00006	Rothia mucilaginosa
Prevotella jejuni	0.00001	0.00004	0.00034	0.00007	0.00001	0.00001	0.00001	0.00001	0.00123	0.00004	0.00001	0.00003	Prevotella jejuni
Butyrivibrio hungatei	0.00068	0.00082	0.00057	0.00106	0.0011	0.00062	0.00092	0.00108	0.00122	0.00091	0.00059	0.00115	Butyrivibrio hungatei
Faecalibaculum rodentium	0.00007	0.00007	0.00016	0.00022	0.00029	0.00025	0.00012	0.00017	0.00037	0.00043	0.00053	0.00122	Faecalibaculum rodentium
Veillonella parvula	0.00029	0.00043	0.00039	0.00037	0.00013	0.00014	0.00014	0.00012	0.00121	0.00012	0.00007	0.00013	Veillonella parvula
Clostridium isatidis	0.00013	0.00009	0.00006	0.0001	0.00046	0.00008	0.00011	0.00022	0.00047	0.00118	0.00006	0.00035	Clostridium isatidis
Ruminococcaceae bacterium CPB6	0.00035	0.00045	0.00042	0.00056	0.00012	0.00015	0.00024	0.0004	0.00037	0.00087	0.00083	0.00104	Ruminococcaceae bacterium CPB6
Streptococcus sp. FDAARGOS_192	0.00003	0.00001	0.00008	0.00009	0.0001	0.00001	0.00005	0.00013	0.00103	0.00001	0.00001	0.00003	Streptococcus sp. FDAARGOS_192
Lachnoclostridium phytofermentans	0.00055	0.00067	0.0004	0.0008	0.00091	0.00053	0.00083	0.00098	0.001	0.00091	0.0003	0.00071	Lachnoclostridium phytofermentans
Christensenella sp. Marseille-P3954	0.00057	0.0007	0.00031	0.00047	0.00016	0.00017	0.00044	0.00052	0.00062	0.001	0.00059	0.0007	Christensenella sp. Marseille-P3954
Papaver somniferum	0.0005	0.0005	0.00044	0.00062	0.00067	0.00044	0.0007	0.00085	0.00088	0.00099	0.00048	0.00084	Papaver somniferum
Ruminococcus albus	0.00038	0.00074	0.00044	0.00053	0.00018	0.00017	0.00033	0.00045	0.00052	0.00061	0.00043	0.00099	Ruminococcus albus
Prevotella enoeca	0.00001	0.00005	0.00058	0.00008	0	0.00004	0.00001	0.00001	0.00098	0.00003	0.00002	0.00004	Prevotella enoeca
Haemophilus parainfluenzae	0.00007	0.00075	0.0008	0.00003	0.00032	0.00001	0.00001	0.00002	0.00097	0.00003	0.00002	0.00005	Haemophilus parainfluenzae
Gossypium hirsutum	0.00047	0.00045	0.00027	0.00038	0.00037	0.00027	0.0005	0.00055	0.00068	0.00096	0.00035	0.0007	Gossypium hirsutum
Bacteroides helcogenes	0.00004	0.00025	0.00067	0.00095	0.00002	0.00008	0.00003	0.00003	0.00035	0.00006	0.00012	0.00037	Bacteroides helcogenes
Lachnoanaerobaculum umeaense	0.00045	0.00053	0.00047	0.00079	0.00076	0.00047	0.00061	0.0007	0.00085	0.0006	0.00044	0.00093	Lachnoanaerobaculum umeaense
Gordonibacter massiliensis	0.0001	0.00011	0.00014	0.00019	0.00004	0.00028	0.00005	0.00024	0.00023	0.00091	0.00026	0.00021	Gordonibacter massiliensis
Eubacterium limosum	0.00046	0.00068	0.00061	0.00058	0.00065	0.00063	0.00056	0.00062	0.0009	0.00076	0.00075	0.00088	Eubacterium limosum
Helianthus annuus	0.00046	0.0004	0.0003	0.00051	0.00048	0.00034	0.00064	0.00079	0.00072	0.0009	0.00024	0.00065	Helianthus annuus
Staphylococcus aureus	0.00017	0.00016	0.00019	0.00027	0.00026	0.00017	0.00025	0.00025	0.00062	0.00089	0.00023	0.00034	Staphylococcus aureus
Lachnospiraceae bacterium oral taxon 500	0.00019	0.00027	0.00021	0.0003	0.00029	0.00019	0.00029	0.00034	0.00027	0.00026	0.00047	0.00087	Lachnospiraceae bacterium oral taxon 500
Nicotiana attenuata	0.00038	0.0004	0.0003	0.00043	0.00045	0.0003	0.00057	0.00074	0.00083	0.00085	0.0002	0.00053	Nicotiana attenuata
Prevotella sp. oral taxon 299	0.00001	0.00003	0.00022	0.00004	0.00001	0.00001	0	0	0.00085	0.00004	0	0.00002	Prevotella sp. oral taxon 299
Clostridium saccharoperbutylacetonicum	0.00021	0.00014	0.00005	0.00013	0.00033	0.00011	0.00008	0.00016	0.00036	0.00083	0.00008	0.00031	Clostridium saccharoperbutylacetonicum
Oscillibacter valericigenes	0.00025	0.00034	0.00044	0.00063	0.00009	0.0002	0.00019	0.0002	0.00068	0.00081	0.00066	0.00082	Oscillibacter valericigenes
Slackia heliotrinireducens	0.0002	0.00013	0.00015	0.0002	0.00052	0.00022	0.00001	0.00002	0.00026	0.00061	0.00081	0.00025	Slackia heliotrinireducens
Arachis hypogaea	0.00033	0.00034	0.00021	0.00026	0.00024	0.00018	0.00033	0.00041	0.00055	0.00078	0.00026	0.00052	Arachis hypogaea
Arabia massiliensis	0.0001	0.00009	0.0001	0.00015	0.00005	0.00017	0.00004	0.00011	0.00024	0.00078	0.00025	0.00021	Arabia massiliensis
Clostridium saccharobutylicum	0.00016	0.00014	0.00007	0.0001	0.00029	0.00009	0.00012	0.00019	0.00032	0.00077	0.00006	0.00026	Clostridium saccharobutylicum
Olsenella sp. GAM18	0.00009	0.00009	0.00052	0.00031	0.00064	0.00028	0.00002	0.00003	0.00032	0.00076	0.00039	0.00026	Olsenella sp. GAM18
Clostridium bornimense	0.00013	0.00013	0.00006	0.0001	0.00032	0.0001	0.00011	0.00016	0.00031	0.00076	0.00004	0.00026	Clostridium bornimense
Streptococcus gallolyticus	0.00075	0.00063	0.00064	0.00059	0.00024	0.00024	0.00021	0.00024	0.00064	0.00044	0.00017	0.00053	Streptococcus gallolyticus
Parolsenella catena	0.00007	0.00006	0.00028	0.00027	0.00043	0.00017	0.00002	0.00001	0.00028	0.00075	0.00049	0.00022	Parolsenella catena
Clostridium beijerinckii	0.00024	0.00017	0.00008	0.00014	0.00031	0.00014	0.00032	0.00029	0.00033	0.00074	0.00007	0.00028	Clostridium beijerinckii
Campylobacter coli	0.00043	0.00037	0.00013	0.00009	0.00018	0.0002	0.00002	0.00003	0.00016	0.00018	0.00074	0.00039	Campylobacter coli
Streptococcus mitis	0.00018	0.00008	0.00006	0.00004	0.00008	0.00008	0.00017	0.00031	0.00074	0.00003	0.00003	0.00004	Streptococcus mitis
Leuconostoc gelidum	0.00073	0.00001	0.00001	0.00001	0	0.00001	0	0	0.00002	0.00003	0.00001	0.00002	Leuconostoc gelidum
Olea europaea	0.00034	0.00035	0.00023	0.00033	0.00039	0.00026	0.00041	0.00048	0.00054	0.00072	0.00021	0.00053	Olea europaea
Clostridium taeniosporum	0.00008	0.00005	0.00005	0.00006	0.00031	0.00006	0.00011	0.00015	0.00028	0.00071	0.00003	0.0002	Clostridium taeniosporum
Alkaliphilus metalliredigens	0.00006	0.00006	0.00006	0.00005	0.0001	0.00006	0.00051	0.0007	0.00009	0.00011	0.00004	0.00009	Alkaliphilus metalliredigens
Eubacterium callanderi	0.00013	0.00011	0.00011	0.00023	0.00023	0.00019	0.00063	0.00069	0.00052	0.00061	0.0004	0.00044	Eubacterium callanderi
Libanicoccus massiliensis	0.00006	0.00006	0.00014	0.00012	0.00013	0.00008	0.00001	0.00002	0.00018	0.00046	0.00069	0.00036	Libanicoccus massiliensis
Desulfovibrio piger	0.00002	0.00005	0.00006	0.00007	0.00001	0.00002	0.00003	0.00002	0.00068	0.00004	0.00005	0.00009	Desulfovibrio piger
Saccharomyces cerevisiae	0.00013	0	0	0	0.00001	0.00001	0.00005	0.00068	0.00003	0.00003	0.00001	0.00001	Saccharomyces cerevisiae
Bacteroides salanitronis	0.00003	0.00028	0.00043	0.0003	0.00002	0.00024	0.00004	0.00004	0.00067	0.00006	0.00011	0.00027	Bacteroides salanitronis
Clostridium novyi	0.00014	0.00013	0.00008	0.00011	0.0002	0.00009	0.00008	0.00014	0.00025	0.00067	0.00005	0.00024	Clostridium novyi
Cajanus cajan	0.00027	0.00026	0.00017	0.00027	0.00028	0.00019	0.00029	0.00039	0.00039	0.00066	0.00014	0.00036	Cajanus cajan
Elaeis guineensis	0.00039	0.00035	0.00027	0.00034	0.00031	0.00025	0.00042	0.00051	0.00057	0.00065	0.00022	0.00051	Elaeis guineensis
Solanum pennellii	0.00025	0.00026	0.00016	0.00023	0.00036	0.00022	0.00034	0.00039	0.00046	0.00064	0.00015	0.00037	Solanum pennellii
Bacteroides cellulosilyticus	0.00003	0.00023	0.00062	0.00061	0.00002	0.00031	0.00004	0.00004	0.00049	0.00005	0.00009	0.00029	Bacteroides cellulosilyticus
Clostridium sp. DL-VIII	0.00012	0.00013	0.00007	0.00014	0.00031	0.00011	0.00028	0.00033	0.00031	0.00062	0.00007	0.00026	Clostridium sp. DL-VIII
Lupinus angustifolius	0.00037	0.00035	0.00018	0.00028	0.00044	0.00026	0.00037	0.00045	0.00044	0.0006	0.0002	0.00041	Lupinus angustifolius
Bacteroides zoogleoformans	0.00002	0.00014	0.00059	0.00044	0.00001	0.00004	0.00001	0.00001	0.00036	0.00004	0.00006	0.00018	Bacteroides zoogleoformans
Lactobacillus casei	0.00003	0.00007	0.00005	0.00005	0.00005	0.00003	0.00003	0.00004	0.0001	0.00059	0.00004	0.00008	Lactobacillus casei
Glycine max	0.00011	0.00014	0.00014	0.00018	0.00025	0.00011	0.00011	0.00016	0.00037	0.00058	0.00009	0.00033	Glycine max
Herbinix luporum	0.00027	0.00031	0.00028	0.0004	0.00043	0.00027	0.00038	0.00051	0.00057	0.00051	0.0002	0.00044	Herbinix luporum
Clostridium pasteurianum	0.00022	0.0002	0.00011	0.00023	0.00026	0.00011	0.00025	0.0003	0.00029	0.00057	0.00009	0.00027	Clostridium pasteurianum
Solanum lycopersicum	0.00022	0.00023	0.00019	0.00026	0.00031	0.00018	0.00019	0.00026	0.00048	0.00056	0.00016	0.00037	Solanum lycopersicum
Bacteroides heparinolyticus	0.00002	0.00013	0.00054	0.00056	0.00001	0.00011	0.00002	0.00002	0.00053	0.00004	0.00008	0.00023	Bacteroides heparinolyticus
Actinomyces oris	0.00006	0.00001	0.00007	0.00006	0.00002	0.00004	0.00008	0.00018	0.00012	0.00008	0.00056	0.00022	Actinomyces oris
Ethanoligenens harbinense	0.00021	0.00029	0.00032	0.00035	0.00006	0.00011	0.0001	0.00016	0.0003	0.00055	0.00045	0.00054	Ethanoligenens harbinense
Gossypium arboreum	0.00023	0.00016	0.00016	0.00019	0.00024	0.00014	0.0004	0.00055	0.00033	0.00053	0.00011	0.00028	Gossypium arboreum
Bacillus cereus	0.0002	0.0002	0.00009	0.00023	0.00032	0.00016	0.0002	0.00027	0.00035	0.00055	0.00009	0.00031	Bacillus cereus
Barnesiella viscericola	0.00001	0.00023	0.00055	0.00015	0.00001	0.00019	0	0.00001	0.00037	0.00004	0.00003	0.00009	Barnesiella viscericola
Actinomyces naeslundii	0.00006	0.00002	0.00006	0.00005	0.00003	0.00004	0.00007	0.00015	0.00011	0.00005	0.00055	0.00021	Actinomyces naeslundii
Paenibacillus polymyxa	0.00029	0.00031	0.00027	0.00048	0.00048	0.00033	0.00034	0.00038	0.00043	0.00052	0.00033	0.00054	Paenibacillus polymyxa
Mogibacterium diversum	0.00006	0.00007	0.00016	0.00015	0.00027	0.00021	0.00018	0.00046	0.00023	0.00054	0.00007	0.00014	Mogibacterium diversum
Enterococcus casseliflavus	0.00001	0.00054	0.00001	0.00001	0	0	0	0.00001	0.00001	0.00001	0.00001	0.00001	Enterococcus casseliflavus
Phaseolus vulgaris	0.00027	0.00022	0.00013	0.0002	0.00023	0.00012	0.00021	0.00026	0.00034	0.00053	0.0001	0.00026	Phaseolus vulgaris
Christensenella massiliensis	0.00018	0.00024	0.00025	0.00044	0.00011	0.00014	0.00011	0.00017	0.00034	0.00046	0.00052	0.00037	Christensenella massiliensis
Clostridium argentinense	0.00011	0.00011	0.00006	0.0001	0.00022	0.00009	0.00005	0.00009	0.0002	0.00051	0.00005	0.00019	Clostridium argentinense
Vigna unguiculata	0.00016	0.00018	0.00014	0.00019	0.00023	0.00015	0.00024	0.0003	0.00032	0.0005	0.00008	0.00025	Vigna unguiculata
Megasphaera sp. AJH120	0.0005	0.00015	0.00008	0.00011	0.00008	0.00008	0.00005	0.00006	0.00012	0.00014	0.00013	0.00018	Megasphaera sp. AJH120
Pediococcus acidilactici	0.0005	0.00003	0.00002	0.00002	0.00003	0.00001	0.00006	0.00009	0.00003	0.00002	0.00001	0.00009	Pediococcus acidilactici
Streptococcus sp. HSISS1	0.00001	0	0.00005	0.00007	0.00005	0.00001	0.00005	0.0001	0.0005	0.00001	0.00001	0.00001	Streptococcus sp. HSISS1
Bifidobacterium gallinarum	0.00015	0.00007	0.00026	0.00039	0.00042	0.00022	0.00004	0.00006	0.00042	0.00049	0.00025	0.00014	Bifidobacterium gallinarum
Cicer arietinum	0.00025	0.00025	0.00016	0.00025	0.00024	0.00012	0.00017	0.00021	0.00031	0.00049	0.00015	0.00031	Cicer arietinum
Vigna radiata	0.00018	0.00018	0.00017	0.0002	0.00019	0.00014	0.00026	0.00029	0.00031	0.00049	0.00015	0.00034	Vigna radiata
Lactobacillus ruminis	0.00033	0.00033	0.00032	0.00036	0.00022	0.00028	0.00005	0.00025	0.00037	0.00023	0.00032	0.00048	Lactobacillus ruminis
Listeria innocua	0.00029	0.00023	0.00021	0.00027	0.00027	0.00015	0.00032	0.00042	0.00036	0.00048	0.00015	0.00039	Listeria innocua
Bacillus subtilis	0.00032	0.00034	0.00012	0.00022	0.00037	0.00028	0.00018	0.00021	0.00048	0.00042	0.00026	0.00033	Bacillus subtilis
Cellulosilyticum lentocellum	0.0003	0.00027	0.00015	0.00026	0.00036	0.00016	0.00031	0.00037	0.00036	0.00047	0.00015	0.00034	Cellulosilyticum lentocellum
Cynara cardunculus	0.00023	0.00021	0.00016	0.00024	0.00029	0.00015	0.00044	0.00047	0.00036	0.00044	0.0001	0.00029	Cynara cardunculus
Asparagus officinalis	0.00024	0.00024	0.00018	0.00024	0.00024	0.00019	0.00031	0.00038	0.00041	0.00047	0.00013	0.0003	Asparagus officinalis
Zea mays	0.00018	0.00019	0.00013	0.0002	0.00022	0.00016	0.00019	0.00024	0.00036	0.00047	0.00015	0.00028	Zea mays
Lawsonella clevelandensis	0	0	0	0.00001	0	0.00001	0	0.00001	0.00001	0.00047	0.00001	0.00001	Lawsonella clevelandensis
Actinomyces viscosus	0.00005	0.00001	0.00005	0.00005	0.00004	0.00003	0.00016	0.00046	0.00015	0.00008	0.00032	0.00015	Actinomyces viscosus
Streptococcus oralis	0.00011	0.00007	0.00006	0.00007	0.0001	0.00005	0.0001	0.00046	0.00029	0.00009	0.00006	0.00008	Streptococcus oralis
Actinomyces sp. oral taxon 171	0.00008	0.00002	0.00005	0.00005	0.00002	0.00005	0.00013	0.00037	0.00018	0.00008	0.00044	0.00018	Actinomyces sp. oral taxon 171
Bacillus thuringiensis	0.00017	0.00018	0.00043	0.0004	0.00019	0.00021	0.00026	0.0003	0.0004	0.00032	0.00012	0.00043	Bacillus thuringiensis
Vigna angularis	0.00025	0.0002	0.00016	0.0002	0.00024	0.00016	0.00019	0.00022	0.00033	0.00043	0.00011	0.00027	Vigna angularis
Clostridium kluyveri	0.00013	0.00013	0.0001	0.00016	0.00022	0.00012	0.00012	0.00016	0.00025	0.00043	0.00032	0.00033	Clostridium kluyveri
Eggerthella sp. YY7918	0.00009	0.00007	0.00007	0.00013	0.00004	0.0001	0.00003	0.00006	0.00014	0.00043	0.00012	0.0001	Eggerthella sp. YY7918
Cannabis sativa	0.00014	0.00015	0.00012	0.00018	0.00023	0.00011	0.00027	0.00034	0.00029	0.00042	0.0001	0.00024	Cannabis sativa
Physcomitrella patens	0.00029	0.00022	0.00013	0.00018	0.00022	0.00015	0.00028	0.00035	0.0003	0.00041	0.00011	0.00025	Physcomitrella patens
Camelina sativa	0.00023	0.00021	0.00012	0.00022	0.00022	0.00014	0.0003	0.00034	0.00031	0.00041	0.00012	0.00027	Camelina sativa
Beta vulgaris	0.00017	0.00016	0.00012	0.00017	0.00019	0.0001	0.00036	0.0004	0.00026	0.00041	0.00012	0.00026	Beta vulgaris
Clostridiales bacterium 70B-A	0.00012	0.00013	0.00011	0.00014	0.00019	0.0001	0.00033	0.00041	0.00022	0.00022	0.00008	0.00019	Clostridiales bacterium 70B-A
Streptococcus vestibularis	0.00004	0.00001	0.00004	0.00004	0.00004	0.00001	0.00002	0.00007	0.00041	0.00001	0.00001	0.00002	Streptococcus vestibularis
Gossypium raimondii	0.00025	0.00025	0.00015	0.00019	0.00028	0.00019	0.00018	0.00024	0.00031	0.0004	0.00008	0.00025	Gossypium raimondii
Fusobacterium nucleatum	0.00017	0.00014	0.00007	0.0001	0.00016	0.00009	0.00017	0.00016	0.00023	0.0004	0.00005	0.00016	Fusobacterium nucleatum
Hungateiclostridiaceae bacterium KB18	0.00001	0.00006	0	0	0	0	0.00036	0.00033	0.00008	0.00027	0.0004	0.00015	Hungateiclostridiaceae bacterium KB18