"Group.1"	"1103_V2_D1_CTAB_DNA"	"1103_V2_D1_PowerFecal_DNA"	"1103_V2_D1_R1"	"1103_V2_D1_R2"	"1103_V6_D29_CTAB_DNA"	"1103_V6_D29_PowerFecal_DNA"	"1103_V6_D29_R1"	"1103_V6_D29_R2"	"2103_V2_D1_CTAB_DNA"	"2103_V2_D1_PowerFecal_DNA"	"2103_V2_D1_R1"	"2103_V2_D1_R2"	"2103_V6_D29_CTAB_DNA"	"2103_V6_D29_PowerFecal_DNA"	"2103_V6_D29_R1"	"2103_V6_D29_R2"	"2202_V2_D1_CTAB_DNA"	"2202_V2_D1_PowerFecal_DNA"	"2202_V2_D1_R1"	"2202_V2_D1_R2"	"2202_V5_D22_CTAB_DNA"	"2202_V5_D22_PowerFecal_DNA"	"2202_V5_D22_R1"	"2202_V5_D22_R2"	"3204_V2_D1_CTAB_DNA"	"3204_V2_D1_PowerFecal_DNA"	"3204_V2_D1_R1"	"3204_V2_D1_R2"	"3204_V6_D29_CTAB_DNA"	"3204_V6_D29_PowerFecal_DNA"	"3204_V6_D29_R1"	"3204_V6_D29_R2"	"3216_V2_D1_CTAB_DNA"	"3216_V2_D1_PowerFecal_DNA"	"3216_V2_D1_R1"	"3216_V2_D1_R2"	"3216_V6_D29_CTAB_DNA"	"3216_V6_D29_PowerFecal_DNA"	"3216_V6_D29_R1"	"3216_V6_D29_R2"	"3218_V2_D1_CTAB_DNA"	"3218_V2_D1_PowerFecal_DNA"	"3218_V2_D1_R1"	"3218_V2_D1_R2"
"1"	"Acetobacteraceae"	0	0	0	0	0	0	0	0	0	0	0	0	0	0	7.07814269535674e-05	0	0	0	0	0	0	0	0	0	0	0	0	0	0	0	0	0	0	0	0	0	0	0	0	0	0	0	0	0
"2"	"Acholeplasmataceae"	4.83021784282471e-05	0	0	0	0	0	0	0	0.000106863295129705	0.0001899214991137	0.000299805126667666	8.54408749145591e-05	0	0	7.07814269535674e-05	0	0	0	0	0	0	0	0	0	0	0	0	0	0	5.15995872033024e-05	0	0	4.55954769286887e-05	0.000342661336379212	0.000509872995272087	0.00020116676725005	0.00424857324032974	0.00196167194809114	0.00664001626126431	0.00729780396357793	0	0	0	0
"3"	"Acidaminococcaceae"	0.0128000772834855	0.0240539747726606	0.0291472210436996	0.0300082913451113	0.00502220561988959	0.0218816682832202	0.0126535030420664	0.00993489269351338	0.000961769656167348	0.000379842998227399	0.00064957777444661	0.00093984962406015	0.00077084021583526	0.000771172181716209	0.00247734994337486	0.00274862568715642	0	0	3.52050695300123e-05	0	3.3907500339075e-05	0	4.44938820912125e-05	0	0.000612591540667725	0.00469483568075117	0.0111075208013571	0.00637409018476248	0.000120274225233532	0.00846233230134159	0.00226833258961773	0.0054016472349984	0.00296370600036476	0.00576813249571673	0.00954853063873181	0.00911956011533561	0.000190234622701332	0.000754489210804285	0.00162612643133004	0.00267809319764328	0	5.67022000453618e-05	5.2216594433711e-05	0
"4"	"Acidobacteriaceae"	0	0	0	0	0	0	0	0	0	0	0	0	0	0	0	0	0	0	0	0	0	0	0	0	0	0	0	0	0	0	0	0	0	5.71102227298686e-05	0	0	0	7.54489210804285e-05	6.77552679720848e-05	0	0	0	0	0
"5"	"Actinobacteria unclassified"	0	0	0	0	0	0	0	0	0	0	0	0	0	0	0	0	0	0	0	0	0	0	0	0	0	0	0	0	0	0	0	0	4.55954769286887e-05	0	0	0	0	0	6.77552679720848e-05	0	0	0	0	0
"6"	"Actinomycetaceae"	0.000483021784282471	4.19058793948791e-05	8.48536274925753e-05	0.000159448944447988	0.000166023326277342	3.87972841901067e-05	3.7325967675712e-05	9.6455268869062e-05	0.00651866100291203	0.000633071663712332	0.00104931794333683	0.00176577808156756	0.000991080277502478	0.000210319685922602	0.000141562853907135	0.000187406296851574	0.000609992790994288	0.000253858651502843	3.52050695300123e-05	5.39243441451643e-05	0.000372982503729825	3.0331523552428e-05	4.44938820912125e-05	8.00288103717338e-05	0.00186561969203353	0.000403462441314554	0.00274658696179013	0.00129204530772212	0.00296676422242713	0.000309597523219814	0.00048341514204968	0.00131030056690555	0.00269013313879263	0.000342661336379212	0.000324464633354964	0.000402333534500101	0.000570703868103995	7.54489210804285e-05	6.77552679720848e-05	0.000200856989823246	0.00370106761565836	0	0.000156649783301133	0.000162857608164595
"7"	"Aerococcaceae"	0	0	4.24268137462877e-05	0	0	0	0	0	0	0	0	0	0	0	7.07814269535674e-05	6.24687656171914e-05	0	0	3.52050695300123e-05	0	0	0	0	0	2.78450700303511e-05	3.66784037558685e-05	0.000242345908393247	4.30681769240708e-05	4.00914084111775e-05	0	3.71857801576677e-05	0	0.000136786430786066	5.71102227298686e-05	0	0	0.000126823081800888	0	6.77552679720848e-05	0	0.000142348754448399	0	0	0
"8"	"Aeromonadaceae"	0	0	0	0	0	0	0	0	0	0	0	0	0	0	0	0	0	0	0	0	0	0	0	0	0	0	0	0	0	0	0	0	0	0	0	0	0	0	0	0	0	0	0	0
"9"	"Akkermansiaceae"	0.000193208713712988	0.000209529396974396	0.000424268137462877	9.56693666687927e-05	0.000249034989416013	0.000155189136760427	0.00037325967675712	0.000241138172172655	0.000106863295129705	0.0001899214991137	0.000249837605556388	0.000142401458190932	0.000550600154168043	0.00182277061132922	0.00113250283125708	0.00043728135932034	0.000332723340542339	0.000253858651502843	0.000176025347650062	5.39243441451643e-05	0.00118676251186763	0.00115259789499227	0.00218020022246941	0.000920331319274939	0.000222760560242809	0.000220070422535211	0.000525082801518701	0.000689090830785133	0.0230525598364271	0.00572755417956656	0.00479696564033913	0.00457268157022141	0.000182381907714755	0.000171330668189606	0.000417168814313526	0.000603500301750151	0	0.000150897842160857	0.000474286875804594	0.00033476164970541	0.00256227758007117	0.00362894080290315	0.00297634588272153	0.00510287172249064
"10"	"Alcaligenaceae"	0	0	0	0	0	0	0	0	0	0	0	0	0	0	0	0	0	0	0	0	0	0	0	0	8.35352100910534e-05	0	0.000121172954196623	0.000129204530772212	0	0	0.000148743120630671	0.000133704139480158	0	0	0	0	0	0	0	0	0	0	0.000156649783301133	0.000162857608164595
"11"	"Alicyclobacillaceae"	0	0	0	0	0	0	0	0	0	0	4.99675211112777e-05	0	0.000110120030833609	7.01065619742008e-05	0.00028312570781427	6.24687656171914e-05	0	0	0	0	0	0	0	0	0	0	0	0	0	0	0	0	0	0	0	0	6.34115409004439e-05	7.54489210804285e-05	6.77552679720848e-05	0	0	0	0	5.42858693881983e-05
"12"	"Alteromonadaceae"	0	0	0	0	0	0	0	0	0	0	0	0	0	0	0	0	0	0	0	0	0	0	0	0	0	0	0	0	0	0	0	0	0	0	0	0	0	7.54489210804285e-05	0	0	0	0	0	0
"13"	"Atopobiaceae"	0.00497512437810945	0.00104764698487198	0.000127280441238863	9.56693666687927e-05	0.000498069978832026	7.75945683802134e-05	3.7325967675712e-05	0	0.000587748123213379	6.33071663712332e-05	0.000199870084445111	0.000113921166552745	0	7.01065619742008e-05	0	0.000312343828085957	0	5.07717303005686e-05	7.04101390600246e-05	0	0	0	0	0	0	3.66784037558685e-05	0.000201954923661039	0.000129204530772212	8.0182816822355e-05	0	3.71857801576677e-05	8.0222483688095e-05	0.000729527630859019	0.000285551113649343	0.000324464633354964	0.000536444712666801	0.00120481927710843	0.002112569790252	0.000813063215665018	0.000535618639528656	0.000284697508896797	5.67022000453618e-05	5.2216594433711e-05	0
"14"	"Bacillaceae"	0.000386417427425977	0.000251435276369275	0.000254560882477726	0.000223228522227183	0.000166023326277342	3.87972841901067e-05	0.000149303870702848	9.6455268869062e-05	0.0235099249285352	0.011142061281337	0.017638534952281	0.0210754158122579	0.00038542010791763	0.000981491867638811	0.00113250283125708	0.00118690654672664	0.00011090778018078	0.000203086921202275	0.000105615208590037	5.39243441451643e-05	0	0	4.44938820912125e-05	0	0	3.66784037558685e-05	0.000201954923661039	8.61363538481416e-05	4.00914084111775e-05	5.15995872033024e-05	3.71857801576677e-05	2.67408278960317e-05	0.000227977384643443	0.000342661336379212	0.000324464633354964	0.00020116676725005	0.000253646163601776	0.000226346763241286	0.000542042143776679	0.00033476164970541	0	0.000113404400090724	0.000365516161035977	0.00032571521632919
"15"	"Bacillales unclassified"	0	0	0	0	0	0	0	0	0.000106863295129705	6.33071663712332e-05	0.000149902563333833	0.000199362041467305	0	0	0	0	0	0	0	0	0	0	0	0	0	0	0	0	0	0	0	0	0	0	0	0	0	0.000150897842160857	0	6.69523299410819e-05	0	0	0	5.42858693881983e-05
"16"	"Bacilli unclassified"	0	0	0	0	0	0	0	0	0	6.33071663712332e-05	9.99350422225553e-05	2.84802916381864e-05	5.50600154168043e-05	0	0	0	0	0	0	0	0	0	0	4.00144051858669e-05	0	0	0	0	0	0	0	0	0	0	0	0	0	0	6.77552679720848e-05	6.69523299410819e-05	0	0	0	0
"17"	"Bacteriovoracaceae"	4.83021784282471e-05	0	0	0	4.15058315693355e-05	0	0	0	0	0	0	0	0	0	0	0	0	0	0	0	0	0	0	0	0	0	0	0	0	0	0	0	0	0	0	0	0	0	0	0	0	0	0	0
"18"	"Bacteroidaceae"	0.00207699367241463	0.0191509868834597	0.0103097157403479	0.010619299700236	0.0112480803552899	0.315499515033948	0.0728976148706655	0.0455268869061973	0.0788651118057225	0.184667004304887	0.111427572078149	0.09626338573707	0.00297324083250743	0.146733034212002	0.0854331823329558	0.107071464267866	0.000720900571175068	0.00294476035743298	0.000246435486710086	0.000458356925233897	0.121185406211854	0.242530862325215	0.20258064516129	0.0492577327838022	0.000361985910394565	0.00234741784037559	0.00270619597705792	0.00469443128472372	0.000280639858878242	0.00500515995872033	0.00178491744756805	0.00419830997967697	0.000273572861572132	0.0100513992004569	0.0012051543524613	0.000737611479916851	0.000380469245402663	0.00618681152859514	0.000880818483637103	0.000468666309587574	0.00725978647686833	0.432014062145611	0.221346143804501	0.172411921176918
"19"	"Bacteroidales unclassified"	0	0	0	0	0	3.87972841901067e-05	0	4.8227634434531e-05	2.67158237824263e-05	6.33071663712332e-05	0	0	5.50600154168043e-05	0	7.07814269535674e-05	6.24687656171914e-05	0	0	0	0	0	0	4.44938820912125e-05	0	0	0	0	0	0	0	0	0	0	0.000628212450028555	0.000185408361917122	0	0	0.000301795684321714	0	0	0	0	0	0
"20"	"Barnesiellaceae"	0	0	0	0	0	0	0	0	0	0	0	0	0	0	0	0	0	0	0	0	0	0	0	0	0	0	0	0	0	0	0	0	0	0.000799543118218161	0.000231760452396403	0.000335277945416751	0	0.000452693526482571	0	0	0	0	0	0
"21"	"Betaproteobacteria unclassified"	0	0	0	0	0	0	0	0	0	0	0	0	0	0	0	0	0	0	0	0	0	3.0331523552428e-05	0	0	0	0	0	0	0	5.15995872033024e-05	3.71857801576677e-05	2.67408278960317e-05	0	0	0	0	0	0	0	0	0	0.000113404400090724	0.000104433188867422	0
"22"	"Bifidobacteriaceae"	0.0817272859005941	0.0169299752755312	0.0818413237165889	0.048887046367753	0.0287220354459802	0.00100872938894277	0.0128028069127692	0.0149987943091391	0.0586946648499906	0.0464041529501139	0.0919402388447509	0.0716279334700387	0.191553793635062	0.104318564217611	0.104331823329558	0.11231884057971	0.0741973049409416	0.0341693744922827	0.198134131314909	0.157971366173259	0.0410619829106198	0.00521702205101762	0.0872525027808676	0.0843103517266216	0.065658675131568	0.042400234741784	0.147669440180952	0.136095439080064	0.0345187026420238	0.0124871001031992	0.0487505577867024	0.0453524441116697	0.0308681378807222	0.0242718446601942	0.00834337628627051	0.0116676725005029	0.0229549778059607	0.022710125245209	0.0098245138559523	0.0107793251205142	0.081423487544484	0.0196756634157405	0.0206777713957496	0.0688344823842354
"23"	"Brevibacteriaceae"	0	0	0	0	0	0	0	0	0	0	4.99675211112777e-05	0	0	0	0	6.24687656171914e-05	0	0	0	0	0	0	0	0	0	0	0	0	0	0	0	0	0	0	0	0	0	0	0	0	0	0	0	0
"24"	"Brucellaceae"	0	0	0	0	0	0	0	0	0	0	0	5.69605832763727e-05	0	0	0	0	0	0	0	0	0	0	0	0	0	0	0	0	0	0	0	0	0	0	0	0	0	0	0	0	0	0	0	0
"25"	"Burkholderiaceae"	0	0	0	0	0	0	3.7325967675712e-05	0	0.000187010766476984	0	4.99675211112777e-05	0.000227842333105491	0	0	0	0	0	5.07717303005686e-05	3.52050695300123e-05	0	6.781500067815e-05	3.0331523552428e-05	4.44938820912125e-05	0	0.000779661960849832	0.000366784037558685	0.00945149042733662	0.00689090830785133	0.000280639858878242	0.00340557275541796	0.00847835787594824	0.0150818269333619	0	5.71102227298686e-05	0	0	0	0	0	0	0	0.00164436380131549	0.00323742885489008	0.00152000434286955
"26"	"Burkholderiales unclassified"	4.83021784282471e-05	0	0	0	0	3.87972841901067e-05	0	0	0	6.33071663712332e-05	0.000149902563333833	0.000113921166552745	0	0.000140213123948402	7.07814269535674e-05	0	0.000277269450451949	0.000558489033306255	3.52050695300123e-05	0.000134810860362911	0.000779872507798725	0.000545967423943705	0.00231368186874305	0.000560201672602137	0.00128087322139615	0.00102699530516432	0.00799741497697714	0.00736465825401611	0.000882010985045905	0.00459236326109391	0.0095567455005206	0.0117659642742539	4.55954769286887e-05	0.000114220445459737	0	0	0	0	6.77552679720848e-05	0	0.00341637010676157	0.0203560898162849	0.0375437313978382	0.0248086423104066
"27"	"Caldicoprobacteraceae"	0	0	0	0	0	0	0	0	0.000160294942694558	0.000316535831856166	0.000199870084445111	5.69605832763727e-05	0.000330360092500826	0.000350532809871004	0.00106172140430351	0.00131184407796102	0	0	0	0	0.00033907500339075	0.000181989141314568	0.000222469410456062	0.000360129646672802	0	0	0	0	0	5.15995872033024e-05	7.43715603153354e-05	0.000106963311584127	0	0	4.63520904792806e-05	0	0.000190234622701332	0.000150897842160857	0.000271021071888339	0.000602570969469738	0	0	0.000313299566602266	0.000380001085717388
"28"	"Campylobacteraceae"	0	0	0	0	0	0	0	0	2.67158237824263e-05	0	0	0	0	0	0	0	0	0	0	0	0	0	0	0	0	0	0	0	0	0	0	0	0	0	0	0	0	0	0	0	0	0	0	0
"29"	"Carnobacteriaceae"	0.000193208713712988	0	0.000127280441238863	0.00012755915555839	8.3011663138671e-05	3.87972841901067e-05	0.000223955806054272	9.6455268869062e-05	0.00109534877507948	0.000443150164598633	0.000549642732224054	0.00102529049897471	0.000110120030833609	7.01065619742008e-05	7.07814269535674e-05	0.000187406296851574	0.00011090778018078	5.07717303005686e-05	0	8.08865162177465e-05	0	0	0	0	0.000111380280121405	3.66784037558685e-05	0.00129251151143065	0.000602954476936991	0.000240548450467065	5.15995872033024e-05	0.000185928900788339	0.000213926623168253	0.000592741200072953	0.000114220445459737	0.000278112542875684	0.000737611479916851	6.34115409004439e-05	0	0	0	0.000711743772241993	5.67022000453618e-05	0	5.42858693881983e-05
"30"	"Catabacteriaceae"	0	0	0	0	0	0	0	0	0.000106863295129705	0.0001899214991137	0.000599610253335332	0.000142401458190932	0.000660720185001652	0.000350532809871004	0.00141562853907135	0.00131184407796102	0	0	0	0	0	0	0	0	0	0	0	0	0	0	3.71857801576677e-05	2.67408278960317e-05	0	5.71102227298686e-05	4.63520904792806e-05	0	6.34115409004439e-05	0.000226346763241286	0.000271021071888339	0.00033476164970541	0	0	0.000104433188867422	0.000162857608164595
"31"	"Caulobacteraceae"	0	0	0	0	0	0	0	0	0	0	0	0	0	0	0	0	0	0	0	0	0	0	0	0	0	0	0	0	0	0	0	0	0	0	0	0	0	0	0	0	0	0	5.2216594433711e-05	0
"32"	"Cellulomonadaceae"	0	0	0	0	0	0	0	0	0	0.000126614332742466	0	0	0	0	0	0	0	0	0	0	0	0	0	0	0	0	0	0	0	0	0	0	0	0	0	0	0	0	0	0	0	0	0	0
"33"	"Chlamydiaceae"	0	4.19058793948791e-05	0	0	0	0	0	0	0	0	0	0	0	0	0	0	0	0	0	0	0	0	0	0	0	0	0	0	0	0	0	0	0	0	0	0	0	0	0	0	0	0	0	0
"34"	"Christensenellaceae"	0.000966043568564942	0.00217910572853371	0.00742469240560034	0.010778748644684	0.00302992570456149	0.00395732298739088	0.0188496136762346	0.0221847118398843	0.0811359568272288	0.0401367434793619	0.0668565432468895	0.0740772385509228	0.0923356458539808	0.0584688726864835	0.205690826727067	0.222576211894053	5.54538900903898e-05	0	0	0	0.000169537501695375	0.000121326094209712	0.000489432703003337	0.00196070585410748	5.56901400607023e-05	7.33568075117371e-05	0.000121172954196623	0.000430681769240708	4.00914084111775e-05	0.000103199174406605	0.000148743120630671	0.000748743181088886	0.00455954769286887	0.00753854940034266	0.0208584407156763	0.0195131764232549	0.0100824350031706	0.0184095367436246	0.0502066535673149	0.0569094804499197	0.0149466192170819	0.00232479020185983	0.0089812542425983	0.00895716844905271
"35"	"Chromobacteriaceae"	0	0	0	0	0	0	0	0	0	0	0	0	0	0	0	0	0	0	0	0	0	0	0	0	2.78450700303511e-05	0	0	0	0	5.15995872033024e-05	0	2.67408278960317e-05	0	0	0	0	0	0	0	0	0	0.000113404400090724	0.000104433188867422	5.42858693881983e-05
"36"	"Clostridia unclassified"	0	0	0	0	0	0	0	0	0	0	0	0	5.50600154168043e-05	7.01065619742008e-05	0	6.24687656171914e-05	0	0	0	0	0	0	0	0	0	0	0	0	0	0	0	0	0	0	0	0	0	0	0	0	0	0	0	0
"37"	"Clostridiaceae"	0.0276771482393856	0.0191928927628546	0.0135341535850658	0.0177945022003954	0.0107915162080272	0.00911736178467507	0.0187003098055317	0.0166385338799132	0.0303758916406187	0.0471638389465688	0.0418727826912507	0.0440590111642743	0.10406342913776	0.12633202467751	0.0939977349943375	0.0865192403798101	0.0852326290689292	0.0885458976441917	0.0487238162295371	0.0631454069939874	0.0114607351146074	0.00779520155297401	0.00916573971078977	0.0131247249009643	0.00361985910394565	0.00264084507042254	0.00686646740447532	0.00542659029243292	0.0204466182897005	0.0681630546955624	0.0192994199018295	0.0200823617499198	0.0327831479117272	0.0874928612221588	0.0657272642996199	0.101991550995776	0.146797717184528	0.212765957446809	0.214851954739481	0.200120514193894	0.0456939501779359	0.0290315264232252	0.0372826484256697	0.0473915639758971
"38"	"Clostridiales Family XIII"	0.00222190020769937	0.00108955286426686	0.00280016970725498	0.00338031762229734	0.00311293736770016	0.000543161978661494	0.00209025418983987	0.00125391849529781	0.00705297747856055	0.00240567232210686	0.015290061460051	0.0318979266347687	0.0110120030833609	0.00532809871003926	0.0193941109852775	0.0208020989505247	0.000332723340542339	0.000253858651502843	0.000633691251540222	0.0019682385612985	0.0039332700393327	0.00188055446025054	0.0109010011123471	0.0208875195070225	0.000640436610698076	0.000916960093896714	0.00197915825187818	0.00159352254619062	0.00136310788598003	0.000619195046439629	0.000632158262680351	0.00141726387848968	0.00164143716943279	0.00234151913192461	0.00380087141930101	0.00435861329041776	0.0171845275840203	0.0117700316885469	0.0201910698556813	0.0233663631494376	0.0207829181494662	0.00272170560217736	0.0141506970915357	0.0146571847348135
"39"	"Clostridiales Family XVI"	0	0	0	0	0	0	0	0	0	6.33071663712332e-05	0	0	0	0	0	6.24687656171914e-05	0	0	0	0	0	0	0	0	0	0	0	0	0	0	0	0	0	0	0	0	0	0	0	0	0	0	0	0
"40"	"Clostridiales unclassified"	0.000289813070569483	0.000125717638184637	0.000127280441238863	9.56693666687927e-05	0.000124517494708006	0.00023278370514064	0.00018662983837856	0.000192910537738124	0.00985813897571532	0.00848316029374525	0.00844451106780593	0.00897129186602871	0.0162977645633741	0.00946438586651711	0.0293035107587769	0.0351699150424788	5.54538900903898e-05	0.000203086921202275	0.000140820278120049	0.000161773032435493	0.00020344500203445	0.00030331523552428	0.000222469410456062	8.00288103717338e-05	0.000222760560242809	7.33568075117371e-05	0.000121172954196623	0.000129204530772212	0.00016036563364471	0	3.71857801576677e-05	0	0.000227977384643443	0.000628212450028555	0.000509872995272087	0.000402333534500101	0.00082435003170577	0.00120718273728686	0.00149061589538587	0.00120514193893948	0.000142348754448399	0.000567022000453618	0.00099211529424051	0.000868573910211172
"41"	"Comamonadaceae"	0	0	8.48536274925753e-05	0	0	0	0	0	5.34316475648527e-05	0	0	0	0	0	0	0	5.54538900903898e-05	0	0	8.08865162177465e-05	0	0	4.44938820912125e-05	0	8.35352100910534e-05	3.66784037558685e-05	4.03909847322078e-05	8.61363538481416e-05	8.0182816822355e-05	5.15995872033024e-05	3.71857801576677e-05	2.67408278960317e-05	0	0	0	0	0	0	0	0	0	5.67022000453618e-05	0.000104433188867422	0.000217143477552793
"42"	"Conexibacteraceae"	0	0	0	0	0	0	0	0	0	0	0	0	0	0	0	0	0	0	0	0	0	0	0	0	0	0	0	0	0	0	0	0	0	0	0	0	6.34115409004439e-05	0	0	0	0	0	0	0
"43"	"Coriobacteriaceae"	0.00120755446070618	0.000125717638184637	8.48536274925753e-05	6.37795777791951e-05	0.000124517494708006	0	0	9.6455268869062e-05	0.0386310811893885	0.00620410230438086	0.00349772647778944	0.00233538391433128	0.0269794075542341	0.0102355580482333	0.0140147225368063	0.011744127936032	0.000609992790994288	0.000558489033306255	0.000387255764830136	0.00110544905497587	0.000712057507120575	6.06630471048561e-05	0.00017797552836485	0.00220079228522268	2.78450700303511e-05	0	0	0	0	5.15995872033024e-05	0	0	0.0236184570490607	0.0232438606510565	0.00398627978121813	0.00616911419566821	0.0334178820545339	0.0461747397012223	0.0117894166271428	0.013055704338511	0.0204982206405694	0.000340213200272171	0.0018797973996136	0.00331143803268009
"44"	"Coriobacteriales unclassified"	0	0	0	0	0	0	0	0	0	0	0	0	0	0	0	0	0	0	0	0	0	0	0	0	0	0	0	0	0	0	0	0	0	0	0	0	0	0	6.77552679720848e-05	0	0	0	0	0
"45"	"Coriobacteriia unclassified"	4.83021784282471e-05	0	0	0	0	0	0	0	0	0	0	5.69605832763727e-05	5.50600154168043e-05	7.01065619742008e-05	0	0	0	0	0	0	0	0	0	0	0	0	0	0	0	0	0	0	0	0	0	6.70555890833501e-05	0.000190234622701332	7.54489210804285e-05	0.00013551053594417	0	0	0	0	0
"46"	"Corynebacteriaceae"	0	4.19058793948791e-05	0	3.18897888895976e-05	0	3.87972841901067e-05	0	0	0.00170981272207529	0.000253228665484933	0.000749512816669165	0.000797448165869219	0.000165180046250413	7.01065619742008e-05	0	0	0	0	0	0	0	0	0	0	0	0	0	0	0	5.15995872033024e-05	0	2.67408278960317e-05	0	0	0	0	0	0	0	6.69523299410819e-05	0	0	0	0
"47"	"Deinococcaceae"	0	0	0	0	0	0	0	0	0	0	0	0	0	0	0	0	0	0	0	0	0	0	0	0	0	0	4.03909847322078e-05	0	0	0	0	0	0	0	0	0	0	0	0	0	0.000142348754448399	0	0	0
"48"	"Demequinaceae"	0	0	0	0	0	0	0	0	0	0	0	0	0	0	0	0	0	0	0	0	0	0	0	0	0	0	0	0	0	0	0	0	0	0	0	0	6.34115409004439e-05	0	0	0	0	0	0	0
"49"	"Desulfobacteraceae"	0	0	0	0	0	0	0	0	0	0	4.99675211112777e-05	2.84802916381864e-05	0	0	0	0	0	0	0	0	0	0	0	0	0	0	0	0	0	0	0	0	0	0	0	0	0	0	0	0	0	0	0	0
"50"	"Desulfovibrionaceae"	0	0	0	0	0.000290540820985348	7.75945683802134e-05	0.00018662983837856	0.000192910537738124	0.0039539419197991	0.00278551532033426	0.00674561535002249	0.00133857370699476	0.000275300077084022	0.00245372966909703	0.00764439411098528	0.00181159420289855	0	0	0	0	0	0	0	0	0.000278450700303511	0.0012837441314554	0.00165603037402052	0.000258409061544425	0	0.000103199174406605	7.43715603153354e-05	2.67408278960317e-05	0	0.000114220445459737	0	0	0.000380469245402663	0.000452693526482571	6.77552679720848e-05	0	0	0.000453617600362894	0.000313299566602266	0.000868573910211172
"51"	"Dysgonamonadaceae"	0	0	0	0	0	0	0	0	0	0	0	0	0	0	0	0	0	0	7.04101390600246e-05	0	0	0	0	0	0	0	0	0	0	0	0	0	0	5.71102227298686e-05	0	0	0	0	0	0	0	0	0	0
"52"	"Eggerthellaceae"	0.0241027870356953	0.00410677618069815	0.00203648705982181	0.00405000318897889	0.00219980907317478	0.000892337536372454	0.00104512709491994	0.00115746322642874	0.012342710587481	0.00221575082299316	0.0060460700544646	0.00820232399179768	0.00726792203501817	0.0115675827257431	0.0158550396375991	0.0164292853573213	0.00338268729551378	0.00482331437855402	0.00140820278120049	0.00353204454150826	0.0093584700935847	0.00367011434984379	0.0165962180200222	0.0358929214517226	0.0392337036727647	0.0194395539906103	0.0809839243880766	0.0834661268788492	0.06843603415788	0.0207430340557276	0.0719916703852447	0.0808375227297037	0.00446835673901149	0.00354083380925186	0.00435709650505238	0.00442566887950111	0.0484464172479391	0.0199939640863136	0.02080086726743	0.0219603642206749	0.173380782918149	0.0315264232252211	0.0346196021095504	0.0575430215514901
"53"	"Egibacteraceae"	0	0	0	0	0	0	0	0	0	0	0	0	0	0	0	0	0	0	0	0	0	0	0	0	0	0	0	0	0	0	0	0	0	0	0	0	0	0	0	0	0	0	0	0
"54"	"Enterobacterales unclassified"	0	0	0	0	0	0	0	0	0	0	0	0	0	0	0	0	0	0	0	0	0	0	0	0	0	0	0	0	0	0	0	0	0	0	0	0	0	7.54489210804285e-05	0	0	0	0	0	0
"55"	"Enterobacteriaceae"	0.0215427715789982	0.0832250764782299	0.0685617310140008	0.0812870718795842	0.0287635412775495	0.0333656644034918	0.0707700347131499	0.0787557270315891	0.000106863295129705	0.000253228665484933	0.000199870084445111	2.84802916381864e-05	0.000220240061667217	0.000350532809871004	0.000141562853907135	0.000187406296851574	0.00310541784506183	0.00507717303005686	0.0048582995951417	0.00455660708026639	0.00715448257154483	0.00115259789499227	0.00618464961067853	0.00540194470009203	0.0189068025506084	0.0391358568075117	0.065514177235641	0.0759291959171368	0.00340776971495009	0.00717234262125903	0.0131265803956567	0.0169804257139801	4.55954769286887e-05	0.000399771559109081	0.000278112542875684	6.70555890833501e-05	0.000126823081800888	0.000301795684321714	0.000271021071888339	0.000468666309587574	0.00313167259786477	0.000453617600362894	0.000574382538770821	0.000380001085717388
"56"	"Enterococcaceae"	0.000193208713712988	0.000125717638184637	4.24268137462877e-05	9.56693666687927e-05	0.00124517494708006	0.000775945683802134	0.000970475159568512	0.00048227634434531	0.000213726590259411	0.000316535831856166	0.000449707690001499	0.000256322624743677	5.50600154168043e-05	0.000210319685922602	0	0.000187406296851574	0.000443631120723119	0.000253858651502843	7.04101390600246e-05	5.39243441451643e-05	3.3907500339075e-05	0	0	0	0	0	8.07819694644155e-05	0	0.000240548450467065	5.15995872033024e-05	0	0.000106963311584127	0	0.000114220445459737	0.000139056271437842	6.70555890833501e-05	6.34115409004439e-05	0.000528142447563	0.000609797411748763	0.000133904659882164	0	5.67022000453618e-05	0.000156649783301133	5.42858693881983e-05
"57"	"Entomoplasmataceae"	0	0	0	0	0	0	0	0	8.0147471347279e-05	0.000316535831856166	0.000199870084445111	0.000284802916381864	5.50600154168043e-05	0	0	0	0	0	0	0	0	0	0	0	0	0	0	0	0	0	0	0	0	0	0	0	6.34115409004439e-05	7.54489210804285e-05	0.000203265803916255	0	0	0	0	0
"58"	"Entomoplasmatales unclassified"	0	0	0	0	0	0	0	0	2.67158237824263e-05	0	0	0	0	0	0	0.000124937531234383	0	0	0	0	0	0	0	0	0	0	0	0	0	0	0	0	0	0	0	0	0	0	0	0	0	0	0	0
"59"	"Erwiniaceae"	0	0	0	0	0	0	0	0	0	0	0	0	0	0	0	0	0	0	0	0	0	0	0	0	0	0	0	0	0	0	0	0	0	0	0	0	0	0	0	0	0	0	0	0
"60"	"Erysipelotrichaceae"	0.0493165241752403	0.0336923270334828	0.0426389478150191	0.0478027935455067	0.0417548665587515	0.0248302618816683	0.0336306968758165	0.0384856522787557	0.0640378296064759	0.0337427196758673	0.0700044970769	0.0755582137161084	0.0381015306684286	0.0178771733034212	0.0301528878822197	0.022176411794103	0.0709255254256086	0.0963139723801787	0.05706741770815	0.0669201110841489	0.0459785704597857	0.0245685340774667	0.0503225806451613	0.0888719939178104	0.0922228719405229	0.0892385563380282	0.144640116326036	0.155691459580516	0.139798741129776	0.219349845201238	0.478097575487134	0.407423253823938	0.44783877439358	0.386579097658481	0.56767405209975	0.539797492120968	0.100697526949905	0.126980534178361	0.231587505928586	0.249330476700589	0.317010676156584	0.150090723520073	0.168033000887682	0.222626350361001
"61"	"Eubacteriaceae"	0.000531323962710718	0.000586682311528307	0.00055154857870174	0.000446457044454366	0.000498069978832026	0.000853540252182347	0.00074651935351424	0.00120569086086327	0.00208383425502925	0.0017092934920233	0.00364762904112327	0.00432900432900433	0.00231252064750578	0.00231351654514863	0.00184031710079275	0.00199900049975012	5.54538900903898e-05	5.07717303005686e-05	3.52050695300123e-05	5.39243441451643e-05	0.000169537501695375	9.09945706572841e-05	0.000222469410456062	0.000440158457044536	0.000139225350151756	7.33568075117371e-05	0.000525082801518701	0.00111977260002584	0.000400914084111775	0.000464396284829721	0.000409043581734345	0.00114985559952936	0.000957505015502462	0.000628212450028555	0.00370816723834245	0.00234694561791725	0.0020291693088142	0.00150897842160857	0.00413307134629717	0.00415104445634708	0.00441281138790036	0.0011907462009526	0.00929455380920056	0.0060800173714782
"62"	"Firmicutes unclassified"	0.000289813070569483	0.000251435276369275	0	6.37795777791951e-05	0.000249034989416013	7.75945683802134e-05	3.7325967675712e-05	4.8227634434531e-05	0.000454169004301248	0.00126614332742466	0.000699545295557887	0.000569605832763727	0.00357890100209228	0.00147223780145822	0.000707814269535674	0.00106196901549225	0.00149725503244053	0.000609260763606824	0.000422460834360148	0.000107848688290329	0.00074596500745965	0.00106160332433498	0.000578420467185762	0.000400144051858669	0.000640436610698076	0.000806924882629108	0.000403909847322078	0.00055988630001292	0.000681553942990017	0.000619195046439629	0.000669344042838019	0.000454594074232538	9.11909538573773e-05	0.000171330668189606	0.000185408361917122	6.70555890833501e-05	0.000126823081800888	0.000226346763241286	0.000203265803916255	6.69523299410819e-05	0	5.67022000453618e-05	5.2216594433711e-05	0.000217143477552793
"63"	"Flavobacteriaceae"	0	0	0	0	0	0	0	0	0	0	0	0	0	0	0	0	0	0	0	0	0	0	0	0	0	0	0	0	0	0	0	0	0	0	0	0	0	7.54489210804285e-05	6.77552679720848e-05	0	0	0	5.2216594433711e-05	0
"64"	"Fusobacteriaceae"	4.83021784282471e-05	8.38117587897582e-05	4.24268137462877e-05	3.18897888895976e-05	4.15058315693355e-05	0.000155189136760427	0	0.000144682903303593	0.000347305709171542	0.0001899214991137	0.000149902563333833	0.000370243791296423	0	0.000210319685922602	0.000141562853907135	6.24687656171914e-05	0.000221815560361559	0	7.04101390600246e-05	2.69621720725822e-05	3.3907500339075e-05	6.06630471048561e-05	0	4.00144051858669e-05	5.56901400607023e-05	3.66784037558685e-05	0.000121172954196623	4.30681769240708e-05	0.000200457042055887	5.15995872033024e-05	0.000111557340473003	0	0	5.71102227298686e-05	0.000324464633354964	6.70555890833501e-05	0.000126823081800888	0	0.00013551053594417	0.000133904659882164	0.000569395017793594	0	5.2216594433711e-05	0
"65"	"Gammaproteobacteria unclassified"	0	4.19058793948791e-05	0	0	0	0	0	0	0	0	0	0	5.50600154168043e-05	0	0	0	0	0	0	0	0	0	0	0	0	0	0	0	0	0	0	0	0	0	0	0	0	0	0	0	0	0	0	0
"66"	"Geobacteraceae"	0	0	0	0	0	0	0	0	0	0	0	0	0	0	0	6.24687656171914e-05	0	0	0	0	0	0	0	0	0	0	0	0	0	0	0	0	0	0	0	0	0	7.54489210804285e-05	0	6.69523299410819e-05	0	0	0	0
"67"	"Geodermatophilaceae"	0	0	0	0	0	0	0	0	0	0	0	0	5.50600154168043e-05	0	0	0	0	0	0	0	0	0	0	0	0	0	0	0	0	0	0	0	0	5.71102227298686e-05	0	0	0	7.54489210804285e-05	0	0	0	0	0	0
"68"	"Gottschalkiaceae"	0	0	0	0	4.15058315693355e-05	0	0	4.8227634434531e-05	0.000106863295129705	0	0.000149902563333833	8.54408749145591e-05	0	0	0	6.24687656171914e-05	0	0	3.52050695300123e-05	0	0	0	0	0	0	0	0	0	0	0	3.71857801576677e-05	0	4.55954769286887e-05	0	0	0	0	0	6.77552679720848e-05	0	0	0	5.2216594433711e-05	0
"69"	"Hafniaceae"	4.83021784282471e-05	0	0	0	0	0	0	0	0	0	0	0	0	0	0	0	0	0	0	0	0	0	0	0	0	0	0	0	0	0	0	0	0	0	0	0	0	0	0	0	0	0	0	0
"70"	"Halobacteriovoraceae"	0	0	0	0	0	0	0	0	0	6.33071663712332e-05	0	0	0	0	0	0	0	0	0	0	0	0	0	0	0	0	0	0	0	0	0	0	0	0	0	0	0	0	0	0	0	0	0	0
"71"	"Heliobacteriaceae"	0	0	0	0	0	0	0	0	0	0	0	2.84802916381864e-05	0	0	7.07814269535674e-05	0	0	0	0	0	0	0	0	0	0	0	0	0	0	0	0	0	0	0	0	6.70555890833501e-05	0	0	0	0	0	0	0	0
"72"	"Hungateiclostridiaceae"	0.000193208713712988	4.19058793948791e-05	8.48536274925753e-05	0	8.3011663138671e-05	0	0.000149303870702848	9.6455268869062e-05	0.0295477011033635	0.0119650544441631	0.0305301553989907	0.0543403964456596	0.0170135447637925	0.015002804262479	0.0186862967157418	0.0234257871064468	5.54538900903898e-05	0	0	0	0.00020344500203445	0	8.89877641824249e-05	0	0	7.33568075117371e-05	8.07819694644155e-05	0	0	0	3.71857801576677e-05	2.67408278960317e-05	0.000638336677001641	0.0038263849229012	0.00746268656716418	0.00576678066116811	0.00114140773620799	0.0291987324581258	0.0142963615421099	0.0139930369576861	0.000427046263345196	0.000453617600362894	0.000783248916505665	0.000814288040822974
"73"	"Idiomarinaceae"	0	0	0	0	4.15058315693355e-05	0	0	0	0	0	0	0	0	0	0	0	0	0	0	0	0	0	0	0	0	0	0	0	0	0	0	0	0	0	0	0	0	0	0	0	0	0	0	0
"74"	"Kosmotogaceae"	0	0	0	0	0	0	0	0	0	0	0	0	0	0	0	0	5.54538900903898e-05	0	0	0	0	0	0	0	0	0	0	0	0	0	0	0	0	0	0	0	6.34115409004439e-05	7.54489210804285e-05	6.77552679720848e-05	0	0	0	0	0
"75"	"Lachnospiraceae"	0.0367579577838961	0.0232996689435528	0.0505303351718286	0.0346323107341029	0.0334121944133151	0.0153637245392822	0.0243365309245642	0.0294188570050639	0.0289599529801501	0.0560268422385414	0.0760505671313646	0.06815333789018	0.104834269353595	0.107052720134605	0.0714184597961495	0.056784107946027	0.0430876726002329	0.0256904955320877	0.00908290793874318	0.0182264283210655	0.0202427777024278	0.0314841214474203	0.028476084538376	0.0202472890240487	0.0270932531395316	0.104093309859155	0.0856288876322805	0.0629656746629915	0.0827486669606703	0.0808565531475748	0.0536590807675145	0.0415285057225372	0.0212930877256976	0.024328954882924	0.0254936497636043	0.0136122845839201	0.0155992390615092	0.034329259091595	0.0131445219865845	0.0129217996786288	0.024626334519573	0.0468360172374688	0.0676204897916558	0.048748710710602
"76"	"Lactobacillaceae"	0.00144906535284741	0.00155051753761053	0.0013576580398812	0.000861024300019134	0.000373552484124019	0.000426770126091174	7.4651935351424e-05	0.000434048709910779	0.000587748123213379	0.00126614332742466	0.00064957777444661	0.000484164957849168	0.000440480123334435	0.00126191811553561	0.00113250283125708	0.00118690654672664	0.000720900571175068	0.000507717303005686	0.000176025347650062	0.000296583892798404	0.000237352502373525	0.000121326094209712	0.000222469410456062	0.000200072025929335	0.000278450700303511	7.33568075117371e-05	0.000282736893125454	0.000473749946164779	0.00120274225233532	0.00201238390092879	0.000855272943626357	0.000775484008984918	0.000866314061645085	0.00165619645916619	0.00162232316677482	0.00127405619258365	0.00329740012682308	0.00528142447563	0.00413307134629717	0.00435190144617033	0.000569395017793594	0.000850533000680426	0.000469949349903399	0.000651430432658379
"77"	"Lactobacillales unclassified"	0	0	0	0	0	0	0	0	0	0	0	0	0	0	0	0	0	0	0	0	0	0	0	0	0	0	0	0	0	0	0	0	0	0	0	0	0	0	0	0	0	0	0	0
"78"	"Lentisphaeraceae"	0.000193208713712988	4.19058793948791e-05	4.24268137462877e-05	0	0	0	0	0	0	0	0	0	0	0	0	0	0	0	0	0	0	0	0	0	0	0	0	0	0	0	0	0	4.55954769286887e-05	5.71102227298686e-05	0	0	0	0	0	0	0	0	0	0
"79"	"Leptotrichiaceae"	0	0	0	0	0	0	0	0	0	0	4.99675211112777e-05	0	0	0	0	0	0	0	0	0	0	0	0	0	0	0	0	0	0	0	0	0	0	5.71102227298686e-05	9.27041809585612e-05	0	0	0	0	0	0	0	0	0
"80"	"Leuconostocaceae"	0.00444380041539873	0.000293341155764154	0	0.000382677466675171	0.000622587473540032	7.75945683802134e-05	3.7325967675712e-05	0	0	0.00126614332742466	0.00114925298555939	0.000170881749829118	0	0.000210319685922602	0.00028312570781427	0.000187406296851574	5.54538900903898e-05	0	0	0	0	0	0	0	2.78450700303511e-05	0	0	0	0	0	0	0	0.000227977384643443	0.000171330668189606	0.000324464633354964	0.0002682223563334	0.000190234622701332	0.000452693526482571	0.000745307947692933	0.000535618639528656	0	0	5.2216594433711e-05	0.000108571738776397
"81"	"Listeriaceae"	4.83021784282471e-05	4.19058793948791e-05	0	0	4.15058315693355e-05	0	0	0	0	6.33071663712332e-05	4.99675211112777e-05	0	0	0.000280426247896803	0	0	0	0.000101543460601137	0	0	0	0	0	4.00144051858669e-05	2.78450700303511e-05	3.66784037558685e-05	0	0	0	5.15995872033024e-05	0	0	4.55954769286887e-05	0.000114220445459737	0.000139056271437842	0.0001341111781667	0.000380469245402663	0.000528142447563	0.000542042143776679	0.000401713979646492	0	0.000170106600136085	0	0.000162857608164595
"82"	"Micrococcaceae"	0	0	0	3.18897888895976e-05	0	0	3.7325967675712e-05	0	0.00029387406160669	0	0.000449707690001499	0.000227842333105491	0.000165180046250413	0	0.000141562853907135	0	0	0	0	0	0	0	0	0	2.78450700303511e-05	0	4.03909847322078e-05	0	0	0	0	0	0.000227977384643443	0	0.000185408361917122	0.000469389123583451	0	0	0	0	0	0	0	0
"83"	"Microcoleaceae"	0	0	0	0	0	0	0	0	0	0	0	0	0	0	0	0	0	0	0	0	0	0	0	0	0	0	0	0	0	0	0	0	0	0	0	0	0	0	0	0	0	0	0	0
"84"	"Micromonosporaceae"	0	0	0	0	0	0	0	0	0	0	9.99350422225553e-05	2.84802916381864e-05	5.50600154168043e-05	0	0	0.000187406296851574	0	0	0	0	0	0	0	0	0	0	0	0	0	0	0	0	0	0	0	0	0	0	0	0	0	0	0	0
"85"	"Mollicutes unclassified"	0	0	0	0	0	0	0	0	0	6.33071663712332e-05	9.99350422225553e-05	2.84802916381864e-05	0	0	0	0	0	0	0	0	0	0	0	0	0	0	0	0	0	0	0	0	0	0	0	0	6.34115409004439e-05	7.54489210804285e-05	0.000474286875804594	0.000267809319764328	0	0	0	0
"86"	"Moraxellaceae"	0	0	0	0	0	0	0	0	0	0	0	0	0	0	0	0	0	0	0	0	0	0	0	0	0	0	0	0	0	0	0	0	0	0	0	0	0	0	0	0	0	0	0	0
"87"	"Morganellaceae"	0	0	0	0	0	0	0	0	0	0	0	0	0	0	0	0	0	0	0	0	0	0	0	0	0	3.66784037558685e-05	0	0	0	0	0	0	0	0	0	0	0	0	0	0	0	0	0	0
"88"	"Muribaculaceae"	0	0	0	0	0	0	0	0	0	0	0	2.84802916381864e-05	5.50600154168043e-05	0	0	0	0	0	0	0	0	0	0	0	0	0	0	0	0	0	0	0	0	0.0318103940605368	0.00412533605265597	0.00362100181050091	0.000126823081800888	0.00558322015995171	0.000609797411748763	0.000133904659882164	0	0	0	0
"89"	"Mycoplasmataceae"	0	0	0	0	4.15058315693355e-05	0	0	0	0.000133579118912132	0.000126614332742466	0.000149902563333833	0.000227842333105491	0	0.000140213123948402	0	0.000187406296851574	0	0	0	0	0	0	0	0	0	0	0	0	0	0	0	0	0.000227977384643443	0.000285551113649343	0.00074163344766849	0.000536444712666801	0.00393151553582752	0.003168854685378	0.0044718476861576	0.00522228173540439	0	0	0	0
"90"	"Negativicutes unclassified"	4.83021784282471e-05	0	4.24268137462877e-05	0	0	0	0	0	0	0	0	0	0	0	0	0	0	0	0	0	0	0	0	0	0	0	0	0	0	0	0	0	0	0	0	0	0	0	0	0	0	0	0	0
"91"	"Neisseriaceae"	0	0	0	0	0	0	0	0	0	0	0	8.54408749145591e-05	0	0	0	0	0	0	0	0	0	0	4.44938820912125e-05	0	0	0	0	4.30681769240708e-05	0	0	0	0	0	0	0	0	0	0	0	0	0	0	0.000208866377734844	0.00032571521632919
"92"	"Neisseriales unclassified"	0	0	0	0	0	0	0	0	0	0	0	0	0	0	0	0	0	0	0	0	0	0	0	0	0	0	0	0	0	0	3.71857801576677e-05	0	0	0	0	0	0	0	0	0	0	5.67022000453618e-05	0	0
"93"	"Nocardiaceae"	4.83021784282471e-05	0	0	0	0	0	0	0	0	0	0	0	0	0	0	0	0	0	0	0	0	0	0	0	0	0	0	0	0	0	0	0	0	0	0	0	0	0	0	0	0	0	0	0
"94"	"Oceanospirillaceae"	0	0	0	0	0	0	0	0	0	0	4.99675211112777e-05	0	0	0	0	0	0	0	0	0	0	0	0	0	0	0	0	0	0	0	0	0	0	0	0	0	6.34115409004439e-05	7.54489210804285e-05	0	0	0	0	0	0
"95"	"Odoribacteraceae"	4.83021784282471e-05	0	4.24268137462877e-05	0	0	7.75945683802134e-05	0	0	0.00617135529374048	0.019815143074196	0.00509668715335032	0.00487012987012987	0.000110120030833609	0.016054402692092	0.00339750849377123	0.00487256371814093	0	0	0	5.39243441451643e-05	0.000101722501017225	0.000667293518153417	0.000133481646273637	4.00144051858669e-05	2.78450700303511e-05	7.33568075117371e-05	0	0	0	5.15995872033024e-05	0	0	4.55954769286887e-05	0.000799543118218161	9.27041809585612e-05	0	6.34115409004439e-05	0.000754489210804285	6.77552679720848e-05	0	0.00128113879003559	0.00895894760716716	0.00454284371573286	0.0031485804245155
"96"	"Opitutaceae"	4.83021784282471e-05	0	0	0	0	0	0	0	0	0	0	0	0	7.01065619742008e-05	0	0	0	0	0	0	0	0	4.44938820912125e-05	0	0	0	0	0	0	0	0	0	0	0	0	0	0	7.54489210804285e-05	0	0	0	0	0	0
"97"	"Oscillospiraceae"	0	0.000125717638184637	0.000127280441238863	0	0.000124517494708006	0.00023278370514064	0.000709193385838528	0.000626959247648903	0.0117015308167027	0.00709040263357812	0.01134262729226	0.010850991114149	0.0156370443783724	0.0206814357823892	0.047777463193658	0.0392928535732134	5.54538900903898e-05	0	0	2.69621720725822e-05	0.0012206700122067	0.000515635900391277	0.00151279199110122	0.00176063382817814	5.56901400607023e-05	0.000146713615023474	4.03909847322078e-05	8.61363538481416e-05	0	0.000361197110423117	0.000111557340473003	0.000294149106856348	0.00164143716943279	0.00576813249571673	0.00421804023361454	0.00442566887950111	0.00082435003170577	0.00452693526482571	0.00298123179077173	0.00395018746652384	0.0130960854092527	0.0114538444091631	0.0263693801890241	0.025731502090006
"98"	"Oxalobacteraceae"	0	0	0	0	0	0	0	9.6455268869062e-05	0.000106863295129705	6.33071663712332e-05	0	0	0	7.01065619742008e-05	0.000141562853907135	0	0	0	0	0	0	0	0	0	2.78450700303511e-05	0	0.00036351886258987	4.30681769240708e-05	0	0.000103199174406605	0.000297486241261342	0.000374371590544443	0	0	0	0	0	0.000226346763241286	0	0	0	0.000283511000226809	0.000626599133204532	0.00032571521632919
"99"	"Paenibacillaceae"	0.000289813070569483	0.000167623517579516	0	9.56693666687927e-05	4.15058315693355e-05	0	3.7325967675712e-05	0	0.0054767438753974	0.00240567232210686	0.0098436016589217	0.00623718386876282	0.00198216055500496	0.00112170499158721	0.0069365798414496	0.00668415792103948	0	0.000152315190901706	0	0	0	3.0331523552428e-05	0	0	0	0	4.03909847322078e-05	0	0	0.000154798761609907	7.43715603153354e-05	2.67408278960317e-05	0.000364763815429509	0.000628212450028555	0.00101974599054417	0.000871722658083551	0.000380469245402663	0.000754489210804285	0.00115183955552544	0.00113818960899839	0	0	0	5.42858693881983e-05
"100"	"Parachlamydiales unclassified"	0	4.19058793948791e-05	0	3.18897888895976e-05	0	0	0	0	0	0	0	0	0	0	0	0	0	0	0	0	0	0	0	0	0	0	0	0	0	0	0	0	0	0	0	0	0	0	0	0	0	0	0	0
"101"	"Pasteurellaceae"	0	0	0	0	0	3.87972841901067e-05	0.000149303870702848	9.6455268869062e-05	0.000133579118912132	6.33071663712332e-05	0.000749512816669165	0.000911369332421964	0	0	0	0	5.54538900903898e-05	0	3.52050695300123e-05	0	0	0	0	0	0	3.66784037558685e-05	4.03909847322078e-05	0	0	0	0	0	0	0	4.63520904792806e-05	6.70555890833501e-05	0	0	0	0	0	0	0	0
"102"	"Pectobacteriaceae"	0	0	0	0	0	0	0	0	0	0	0	0	0	0	0	0	0	0	0	0	0	0	0	0	0	0	0	0	0	0	0	0	0	0	0	0	0	0	0	0	0	0	0	0
"103"	"Peptococcaceae"	9.66043568564942e-05	0.000209529396974396	0	9.56693666687927e-05	0.000124517494708006	0.000310378273520854	0.000335933709081408	0.000337593441041717	0.000240442414041837	0.000506457330969866	0.000499675211112777	0.000227842333105491	0.000550600154168043	0.000771172181716209	0.00198187995469989	0.00118690654672664	0	0	0	0	0	0	0	0	0	0	4.03909847322078e-05	4.30681769240708e-05	0	5.15995872033024e-05	0	0	0.000273572861572132	0.000399771559109081	0.000417168814313526	0.000335277945416751	0.000443880786303107	0.00120718273728686	0.00121959482349753	0.000736475629351901	0.000711743772241993	0.000226808800181447	0.000678815727638243	0.000977145648987569
"104"	"Peptoniphilaceae"	9.66043568564942e-05	0.000167623517579516	0.000127280441238863	0.000191338733337585	8.3011663138671e-05	0.00023278370514064	0.000522563547459968	0.00096455268869062	5.34316475648527e-05	0	4.99675211112777e-05	2.84802916381864e-05	5.50600154168043e-05	0.000140213123948402	7.07814269535674e-05	6.24687656171914e-05	0.000720900571175068	0.000406173842404549	0.000352050695300123	0.0012132977432662	0.001356300013563	0.000242652188419424	0.000578420467185762	0.00136048977631947	0.000361985910394565	0.000440140845070423	0.000969383633572986	0.000818295361557345	0.000841919576634727	5.15995872033024e-05	7.43715603153354e-05	0.00016044496737619	4.55954769286887e-05	0.000228440890919475	9.27041809585612e-05	0.00020116676725005	0	0.000452693526482571	0.000677552679720848	0.000401713979646492	0	5.67022000453618e-05	0.000104433188867422	5.42858693881983e-05
"105"	"Peptostreptococcaceae"	0.0590735642177462	0.0196957633155932	0.0283411115825202	0.0451878308565597	0.0742954385091105	0.0612221144519884	0.176215893397036	0.17530745116952	0.0426918864043173	0.0511521904279564	0.0147404187278269	0.0216735019366598	0.0089747825129391	0.00483735277621985	0.00792751981879955	0.00643428285857071	0.219431043087673	0.257818846466288	0.413765182186235	0.404594354121168	0.247151769971518	0.0919651794109618	0.159777530589544	0.266455924132688	0.093420209951828	0.0457379694835681	0.138177558768883	0.162280890649899	0.0349196167261356	0.038390092879257	0.0375576379592444	0.0373836773986523	0.0753237278861937	0.0763563677898344	0.0326318716974136	0.0527727486085965	0.438363982244769	0.285574166289422	0.217900941798225	0.195232994108195	0.132099644128114	0.049217509639374	0.034149652759647	0.0478801368003909
"106"	"Piscirickettsiaceae"	0	0	0	0	0	0	0	0	0	0	0	0	5.50600154168043e-05	0	0	0	0	0	0	0	0	0	0	0	0	0	0	0	0	0	0	0	0	0	0	0	0	0	0	0	0	0	0	0
"107"	"Planococcaceae"	0	0	0	0	0	0	0	4.8227634434531e-05	5.34316475648527e-05	0.0001899214991137	0.000349772647778944	0.000142401458190932	0	0	0.000212344280860702	0	0	0	0	0	3.3907500339075e-05	0	0	0	0	0	0	0	4.00914084111775e-05	0	0	0	9.11909538573773e-05	0.000171330668189606	0.000185408361917122	6.70555890833501e-05	0.000126823081800888	0.000226346763241286	0.000271021071888339	0.000468666309587574	0	0	0	0
"108"	"Porphyromonadaceae"	0	0	0	0	0	0	0	0	0	0.0001899214991137	9.99350422225553e-05	2.84802916381864e-05	5.50600154168043e-05	0.000140213123948402	0.000141562853907135	6.24687656171914e-05	0	0	0	2.69621720725822e-05	3.3907500339075e-05	3.0331523552428e-05	0	8.00288103717338e-05	0	0	0	0	0	0	0	0	0	0.000171330668189606	0	0	0	0	0	6.69523299410819e-05	0	5.67022000453618e-05	0	0.000162857608164595
"109"	"Prevotellaceae"	0.000289813070569483	0.000712399949712945	0.000806109461179465	0.00114803240002551	0.000747104968248039	0.0152085354025218	0.0112351162703893	0.00921147817699542	0.0972188827442494	0.0372879209926564	0.0810473192424924	0.0515208475734792	0.0012663803545865	0.00399607403252944	0.0267553793884485	0.0259870064967516	5.54538900903898e-05	5.07717303005686e-05	3.52050695300123e-05	2.69621720725822e-05	3.3907500339075e-05	0.000121326094209712	8.89877641824249e-05	4.00144051858669e-05	5.56901400607023e-05	3.66784037558685e-05	0.000121172954196623	8.61363538481416e-05	0.000200457042055887	0.000154798761609907	0	0	0.000136786430786066	0.0476870359794403	0.0159914712153518	0.010728894253336	0.000253646163601776	0.0180322921382224	0.00101632901958127	0.00113818960899839	0.000284697508896797	5.67022000453618e-05	0.000104433188867422	0
"110"	"Propionibacteriaceae"	4.83021784282471e-05	0	0.000127280441238863	0	0	0	0	0	2.67158237824263e-05	0	0	0	0	0	0	0	0	0	0	0	0	0	0	0	0	0	0	0	0	0	0	0	0	0	0	0	0	0	0	0	0	0	0	0
"111"	"Pseudanabaenaceae"	0	0	0	0	0	0	0	0	0	6.33071663712332e-05	9.99350422225553e-05	2.84802916381864e-05	0	0	0	0.000124937531234383	0	0	0	0	0	0	0	0	0	0	0	0	0	0	0	0	0	0	0	0	0	0	0	0.000133904659882164	0	0	0	0
"112"	"Pseudomonadaceae"	9.66043568564942e-05	8.38117587897582e-05	4.24268137462877e-05	0	8.3011663138671e-05	0	0	0	8.0147471347279e-05	0	0	0	0	0	0	0	5.54538900903898e-05	0	0	2.69621720725822e-05	3.3907500339075e-05	9.09945706572841e-05	0	0	2.78450700303511e-05	0	4.03909847322078e-05	8.61363538481416e-05	4.00914084111775e-05	0	3.71857801576677e-05	0	4.55954769286887e-05	5.71102227298686e-05	0	6.70555890833501e-05	0	7.54489210804285e-05	0.00013551053594417	6.69523299410819e-05	0	0.000113404400090724	5.2216594433711e-05	0
"113"	"Pseudonocardiaceae"	0	0	0	0	0	0	0	0	0	0	0	0	0	0	0	0	0	0	0	0	0	0	0	0	0	0	0	0	4.00914084111775e-05	0	0	0	0	0	0	6.70555890833501e-05	0	0	0	0	0	0	0	0
"114"	"Rhizobiaceae"	0	0	0	0	0	0	0	0	0	0	0	0	0	0	0	0	0	0	0	2.69621720725822e-05	0	0	0	0	0	0	0	8.61363538481416e-05	0	0	3.71857801576677e-05	0	0	0	0	0	0	0	0	0	0	0	0	0
"115"	"Rikenellaceae"	0	0.0025981645224825	0.00106067034365719	0.000829134511129536	8.3011663138671e-05	0.00946653734238603	0.00209025418983987	0.000868097419821558	0.0119954048783094	0.0132311977715877	0.0100934392644781	0.00618022328548644	0.000220240061667217	0.0124789680314077	0.0108295583238958	0.0128060969515242	0	0.000152315190901706	0	0	0.00410280754102808	0.00743122327034487	0.0156173526140156	0.00716257852827018	2.78450700303511e-05	0	4.03909847322078e-05	0	0	5.15995872033024e-05	0	0	4.55954769286887e-05	0.00228440890919475	0.000927041809585612	0.00113994501441695	0.000126823081800888	0.00331975252753886	0.000880818483637103	0.00113818960899839	0.00185053380782918	0.0275005670220005	0.041198893008198	0.036425818359481
"116"	"Rivulariaceae"	0	0	0	0	0	0	0	0	0	0	0	0	0	0	0	0	0	0	0	0	0	0	0	0	0	0	0	0	0	0	0	0	0	0	0	0	0	0	0	0	0	0	0	0
"117"	"Rubrobacteraceae"	0	0	0	0	0	0	0	0	0	0	0	0	0	0	0	6.24687656171914e-05	0	0	0	0	0	0	0	0	0	0	0	0	0	0	0	0	0	0	0	0	0	0	0	0	0	0	0	0
"118"	"Ruminococcaceae"	0.0147804665990436	0.0129070108536228	0.0268561731014001	0.0198035589004401	0.0134478894284647	0.00966052376333657	0.0140345638460677	0.0207861104412829	0.0503860436536561	0.0452013167890605	0.0607605056713136	0.0404135338345865	0.0311089087104944	0.0378575434660684	0.0628539071347678	0.0597826086956522	0.0049353962180447	0.0101035743298132	0.00278120049287097	0.00326242282078244	0.0135290926352909	0.0293609147987503	0.0505895439377086	0.0284902564923372	0.0038147745941581	0.0177156690140845	0.0363114952742548	0.0301477238468496	0.00845928717475845	0.0110423116615067	0.0264390896921017	0.0178628730345491	0.00802480393944921	0.0181039406053684	0.0352739408547325	0.0160262857909207	0.0170577045022194	0.02112569790252	0.021546175215123	0.0212908409212641	0.0478291814946619	0.04779995463824	0.103336640384314	0.0710602030291515
"119"	"Salinivirgaceae"	0	0	0	0	0	0	0	0	0	0	0	0	0	0	0	0	0	0	0	0	0	0	0	0	0	0	0	0	0	0	0	0	0	0	0	6.70555890833501e-05	0	0	0	0	0	0	0	0
"120"	"Selenomonadaceae"	0.190455489542578	0.343921552193773	0.41154009333899	0.379169589897315	0.0339932760552858	0.0778661493695441	0.0763689298645067	0.0660236315408729	5.34316475648527e-05	0	0.000349772647778944	0	0.000110120030833609	0	0.000141562853907135	0.000249875062468766	0.00011090778018078	0.000101543460601137	7.04101390600246e-05	2.69621720725822e-05	0	6.06630471048561e-05	0	8.00288103717338e-05	0	0	8.07819694644155e-05	0.000301477238468496	4.00914084111775e-05	5.15995872033024e-05	0.000111557340473003	2.67408278960317e-05	9.11909538573773e-05	0.000228440890919475	9.27041809585612e-05	0	0.000190234622701332	0.000150897842160857	0.00013551053594417	0.000133904659882164	0.000142348754448399	0.000226808800181447	0.000104433188867422	0.000108571738776397
"121"	"Shewanellaceae"	0	0	0	0	0	3.87972841901067e-05	0	0	0	0	0	0	0	0	0	0	0	0	0	0	0	0	0	0	0	0	0	0	0	0	0	0	0	0	0	0	0	0	0	0	0	0	0	0
"122"	"Spiroplasmataceae"	4.83021784282471e-05	8.38117587897582e-05	4.24268137462877e-05	3.18897888895976e-05	0	3.87972841901067e-05	3.7325967675712e-05	0	0.0140525233095562	0.00683717396809319	0.0199870084445111	0.0263727500569606	0.00038542010791763	0.00133202467750981	0.00743204983012458	0.00605947026486757	5.54538900903898e-05	0	0	5.39243441451643e-05	6.781500067815e-05	0	0	4.00144051858669e-05	0	0	0	0	0	0	3.71857801576677e-05	2.67408278960317e-05	0.000775123107787707	0.00194174757281553	0.00736998238620562	0.00462683564675116	0.0683576410906785	0.052286102308737	0.0880140930957382	0.088243170862346	0.000284697508896797	0.000170106600136085	5.2216594433711e-05	0.000162857608164595
"123"	"Sporolactobacillaceae"	0	0	0	0	0	0	0	0	0	0	4.99675211112777e-05	0	0	0	0	0	0	0	0	0	0	0	0	0	0	0	0	0	0	0	0	0	0	0	0	0	0	0	0	0	0	0	0	0
"124"	"Sporomusaceae"	4.83021784282471e-05	0.000125717638184637	4.24268137462877e-05	3.18897888895976e-05	0	3.87972841901067e-05	0	0	0	6.33071663712332e-05	0	2.84802916381864e-05	0.000110120030833609	0	7.07814269535674e-05	0.000124937531234383	0	0	0	0	0	0	0	0	0	0	0	4.30681769240708e-05	0	0	0	0	4.55954769286887e-05	0	0	0.0001341111781667	0	0.000150897842160857	0	0.000200856989823246	0	0	0.000574382538770821	0.00092285977959937
"125"	"Staphylococcaceae"	9.66043568564942e-05	8.38117587897582e-05	8.48536274925753e-05	0	4.15058315693355e-05	3.87972841901067e-05	0	4.8227634434531e-05	0.00229756084528866	0.00936946062294252	0.00749512816669165	0.00373091820460242	0.000165180046250413	0.000981491867638811	0.000566251415628539	0.000562218890554723	5.54538900903898e-05	0.000152315190901706	7.04101390600246e-05	5.39243441451643e-05	0	0	4.44938820912125e-05	0	0.000278450700303511	0.000183392018779343	0.000282736893125454	0.000215340884620354	0.000200457042055887	0	0	0	0.00100310049243115	0.00177041690462593	0.00139056271437842	0.00127405619258365	0.0110970196575777	0.0104119511090991	0.0107053323395894	0.0104445634708088	0	0	0	5.42858693881983e-05
"126"	"Sterolibacteriaceae"	0	0	0	0	0	0	0	0	0	0	0	0	0	0	0	0	0	0	0	0	0	0	0	0	0	0	0	0	0	0	0	0	0	0	0	0	0	0	0	0	0	0	0.000104433188867422	0
"127"	"Streptococcaceae"	0.00574795923296141	0.00108955286426686	0.00538820534577853	0.00570827221123796	0.089445067031918	0.0344131910766246	0.0981672949871225	0.0704123462744152	0.0892842830808688	0.103507217016966	0.0967371208714336	0.102927773980406	0.0310538486950776	0.0305664610207515	0.0251274065685164	0.0256746626686657	0.0179116064991959	0.0166023558082859	0.0127090301003344	0.0158807193507509	0.0037976400379764	0.000333646759076708	0.000934371523915462	0.00284102276819655	0.00632083089688971	0.00451144366197183	0.0231844252362873	0.00736465825401611	0.0187627791364311	0.0102167182662539	0.00728841291090287	0.0123007808321746	0.147820536202809	0.105882352941176	0.108695652173913	0.110909944343861	0.000570703868103995	0.00128263165836729	0.000880818483637103	0.00127209426888056	0.0115302491103203	0.00175776820140621	0.00172314761631246	0.00336572390206829
"128"	"Streptomycetaceae"	4.83021784282471e-05	0	0	0	0	0	0	0	0	0	0	0	0	0	0	0	0	0	0	0	0	0	0	0	0	0	0	0	0	0	0	0	0	0	0	0	0	0	6.77552679720848e-05	0	0	0	0	0
"129"	"Sutterellaceae"	0	0	0.000212134068731438	0	0	0.000155189136760427	7.4651935351424e-05	0	0.00080147471347279	0.000569764497341099	0.000449707690001499	0.000227842333105491	0	0.000280426247896803	0.00028312570781427	0.000124937531234383	0.000221815560361559	0.000152315190901706	3.52050695300123e-05	5.39243441451643e-05	0.000440797504407975	0.000242652188419424	0.00226918798665184	0.000840302508903205	0.000222760560242809	0.000183392018779343	0.000484691816786493	0.000775227184633274	0.000200457042055887	0.00087719298245614	0.0011527591848877	0.000935928976361108	0	0	0	0	0	7.54489210804285e-05	0	0	0.00768683274021352	0.0177477886141982	0.0362905331314292	0.0255686444818414
"130"	"Synergistaceae"	0	0	0	0	0	0	0	0	0	0	0	0	0	0	0	0	0	0	0	0	0	0	0	0	0	0	0	0	0	0	0	0	0	0	0	0	0	7.54489210804285e-05	0	0	0	0	0	0
"131"	"Syntrophomonadaceae"	0	0	0	0	0	0	0	0	0	0.000316535831856166	0	0	0	7.01065619742008e-05	0	0	0	0	0	0	0	0	0	0	0	0	0	0	0	0	0	0	4.55954769286887e-05	0.000228440890919475	0.000139056271437842	0.0001341111781667	0.0015852885225111	0.00113173381620643	0.00101632901958127	0.000602570969469738	0	0	0	0
"132"	"Tannerellaceae"	4.83021784282471e-05	0.000167623517579516	8.48536274925753e-05	3.18897888895976e-05	8.3011663138671e-05	0.000193986420950533	0.000261281773729984	0.000144682903303593	0.00798803131094547	0.0108888326158521	0.00744516064558037	0.00629414445203919	0.000275300077084022	0.00820246775098149	0.00644110985277463	0.00649675162418791	5.54538900903898e-05	5.07717303005686e-05	3.52050695300123e-05	0	0.0004068900040689	0.000454972853286421	0.000756395995550612	0.000480172862230403	2.78450700303511e-05	7.33568075117371e-05	0	0	4.00914084111775e-05	5.15995872033024e-05	0	0	4.55954769286887e-05	0.00194174757281553	0.000602577176230648	0.00020116676725005	0	0.00150897842160857	0	6.69523299410819e-05	0.00170818505338078	0.0565320934452257	0.0781682418672654	0.0579230226372075
"133"	"Tenericutes unclassified"	0	0	0	0	0	0	0	0	0	0	0	0	0	0	0	0	0	0	0	0	0	0	0	0	0	0	0	0	0	0	0	0	0	0	0	0	0	0	0	0	0	0	0	0
"134"	"Thermoactinomycetaceae"	4.83021784282471e-05	0	0	3.18897888895976e-05	0	0	3.7325967675712e-05	0	0.000935053832384922	0.000633071663712332	0.00219857092889622	0.00216450216450216	0	0	0.000141562853907135	0.000124937531234383	0	0	0	0	0	0	0	0	0	0	0	0	0	0	0	0	0	0	4.63520904792806e-05	6.70555890833501e-05	6.34115409004439e-05	0	6.77552679720848e-05	0	0	0	0	0
"135"	"Thermoanaerobacteraceae"	0	0	0	0	0	0	3.7325967675712e-05	0	0	6.33071663712332e-05	0	0	0	0	0	0	0	0	0	0	0	0	0	0	0	0	0	0	0	0	0	0	0	0	0	0	0	7.54489210804285e-05	0	0	0	0	0	0
"136"	"Thermoanaerobacterales Family III"	0	0	0	0	0	0	0	0	0	0	0	0	5.50600154168043e-05	7.01065619742008e-05	0	6.24687656171914e-05	0	0	0	0	0	0	0	0	0	0	0	0	0	0	0	0	0	0	0	0	6.34115409004439e-05	0	0	0	0	0	0	0
"137"	"Thermoanaerobacterales Family IV"	0	0	0	0	0	0	0	0	0	0	0	2.84802916381864e-05	0	0.000140213123948402	0.000212344280860702	0.000124937531234383	0	0	0	0	0	3.0331523552428e-05	0	0	0	0	0	0	0	0	0	0	4.55954769286887e-05	0	0	0	0	0	0	0.000133904659882164	0.00896797153024911	0.000113404400090724	0.000365516161035977	0.000162857608164595
"138"	"Thermodesulfobiaceae"	0	0	0	0	0	0	0	0	0	0	0	0	0	0	0	0	0	0	0	0	0	0	0	0	0	0	0	0	0	0	0	0	0	0	0	0	0	0	6.77552679720848e-05	0	0	0	0	0
"139"	"Tissierellaceae"	0	0	0	0	0	0	0	0	0	0	4.99675211112777e-05	0	0	0	7.07814269535674e-05	0	0	0	0	0	0	0	0	0	2.78450700303511e-05	0	0	0	0	0	0	0	0	5.71102227298686e-05	0	0	0	7.54489210804285e-05	0.00013551053594417	6.69523299410819e-05	0	0	0	0
"140"	"Tissierellales unclassified"	0	0	0	0	0	0	0	0	0	0	0	0	0	0	0	0	0	0	0	0	0	0	0	0	0	0	0	0	0	0	0	0	0	0	0	0	0	0	0	0	0	0	5.2216594433711e-05	0
"141"	"Tissierellia unclassified"	0	0	0	0	0	0	0	0	0	0	0	0	0	0	0	0	0	0	0	0	0	0	0	0	0	0	0	0	0	0	0	0	0	0	0	0	0	7.54489210804285e-05	0	0	0	0	0	0
"142"	"Tsukamurellaceae"	0	0	0	0	0	0	0	4.8227634434531e-05	0	0	0	0	0	0	0	0	0	0	0	0	0	0	0	0	0	0	0	0	0	0	0	0	0	0	0	0	0	0	0	0	0	0	0	0
"143"	"Unknown"	0.391585760517799	0.351506516364246	0.0723801442511667	0.108138274124625	0.605694600091313	0.353520853540252	0.289462879325147	0.335905473836508	0.166893751168817	0.210369713851608	0.0994353670114426	0.130923900660743	0.2798149983482	0.21010936623668	0.075099093997735	0.0658420789605197	0.469583541285421	0.451259138911454	0.247597254004577	0.255169996494918	0.460938559609386	0.537474597349025	0.344738598442714	0.362610539794326	0.640018934647621	0.619901701877934	0.215041602714274	0.23709031396701	0.546726536503227	0.493859649122807	0.203406217462442	0.259653438870467	0.181242020791537	0.110279840091376	0.0533976082321313	0.0619593643130155	0.0441978440076094	0.0402897238569488	0.0333355918422657	0.0397027316550616	0.0311743772241993	0.0272170560217736	0.029450159260613	0.0310515172900494
"144"	"Veillonellaceae"	0.062358112350867	0.0344047269831957	0.14034789987272	0.14736271445883	0.00863321296642178	0.00764306498545102	0.0591616587660035	0.0571979744393537	0.00814832625364003	0.0167763990883768	0.0112926597711488	0.0125882889040784	0.00396432111000991	0.0236960179472799	0.0069365798414496	0.00680909545227386	0.000332723340542339	0.00147238017871649	0.000422460834360148	0.000215697376580657	0.0010850400108504	0.00885680487730899	0.00440489432703003	0.00224080669040855	0.000640436610698076	0.00124706572769953	0.0110671298166249	0.00788147637710496	0.00777773323176843	0.00366357069143447	0.00732559869106054	0.010963739437373	0.00419478387743936	0.00628212450028555	0.00384722350978029	0.00415744652316771	0.000380469245402663	0.000754489210804285	0.000542042143776679	0.000803427959292983	0.015373665480427	0.00544341120435473	0.0089812542425983	0.00678573367352478
"145"	"Verrucomicrobiales unclassified"	0	0	0	0	0	0	0	0	0	0	0	0	0	0	0	0	0	0	0	0	0	0	0	0	0	0	0	0	0	0	0	0	0	0	0	0	0	0	0	0	0	0	0	0
"146"	"Vibrionaceae"	0	0	0	0	0	0	0	0	0	0	0	0	0	0	0	0	0	0	0	0	0	0	0	0	0	0	0	0	0	0	0	0	0	0	0	0	0	0	0	0	0	0	0	0
"147"	"Waddliaceae"	0	4.19058793948791e-05	0	0	0	0	0	0	0	0	0	0	0	0	0	0	0	0	0	0	0	0	0	0	0	0	0	0	0	0	0	0	0	0	0	0	0	0	0	0	0	0	0	0
"148"	"Xanthomonadaceae"	0	0	0	3.18897888895976e-05	0	0	0	0	5.34316475648527e-05	0	0	0.000683526999316473	0	0	0	0	5.54538900903898e-05	0	0	0.00024265954865324	0	0	0	0.000160057620743468	2.78450700303511e-05	0	0.000161563938928831	4.30681769240708e-05	0	0	7.43715603153354e-05	2.67408278960317e-05	0	0	0	6.70555890833501e-05	0	7.54489210804285e-05	0	0	0.000142348754448399	0	0	0
"149"	"Yersiniaceae"	0	0	0	3.18897888895976e-05	0	0	0	0	0	0	0	0	0	0	0	0	0	0	0	0	0	0	0	0	0	0	0	0	0	0	0	0	0	0	0	0	0	0	0	0	0	0	0	0
"150"	"Zoogloeaceae"	0	0	0	0	0	0	0	0	0	0	0	0	0	0	0	0	0	0	0	0	0	0	0	0	0	3.66784037558685e-05	0.000121172954196623	0	0	5.15995872033024e-05	0	2.67408278960317e-05	0	0	0	0	0	0	0	0	0	0	0	0
