"Group.1"	"1103_V2_D1"	"1103_V6_D29"	"2103_V2_D1"	"2103_V6_D29"	"2202_V2_D1"	"2202_V5_D22"	"3204_V2_D1"	"3204_V6_D29"	"3216_V2_D1"	"3216_V6_D29"	"3218_V2_D1"
"1"	"Actinomycetaceae"	0.000144695	0.000134637	0.00040175	0	0.00072697	0	0	0.001314469	0	0	0
"2"	"Aerococcaceae"	0	0	0	0	0	0	0.000383362	0	0	0	0
"3"	"Akkermansiaceae"	0	0.001077097	0.000178555	0.002803847	0	0.021870116	0.000221946	0.22025888	0.000724387	0.000718694	0.176774231
"4"	"Alcaligenaceae"	0.00028939	0.00276006	0.004568044	0	0.000309635	0.000693626	0.002380881	0.001294401	0.00014817	0	0.013265276
"5"	"Bacteroidaceae"	0.011141524	0.129773306	0.078237061	0.04518116	0.007040832	0.083845227	0.005498231	0.002358017	0.006025605	0.002133219	0.145946881
"6"	"Barnesiellaceae"	0	0	0	0	0	0	0	0	0.000164633	0	0
"7"	"Bifidobacteriaceae"	0.115628816	0.03443343	0.070663334	0.138027719	0.117122818	0.070148168	0.000161416	0.037246639	0.00014817	0.001414572	0.014159228
"8"	"Burkholderiales unclassified"	0	0	8.93e-05	0	0	0	0	0	0	0	0
"9"	"Carnobacteriaceae"	7.529e-05	0	7.44e-05	0	0	0	0.000242123	0	0.000411584	0	0
"10"	"Christensenellaceae"	0	0	7.44e-05	0.001002411	0	0.000309207	0	0	0	0.001642707	0.000173025
"11"	"Clostridiaceae"	0.008403896	0.004241068	0.003050322	0.003268733	0.039512123	0.007003117	0.043481331	0.020178608	0.032564496	0.13607269	0.01392854
"12"	"Clostridiales Family XIII"	0.000891344	0.001279052	0.001175512	0.001932174	0.000350022	0.002039094	0.000171504	0.000381296	0.001152433	0.010027505	0.001759091
"13"	"Clostridiales unclassified"	0.013346642	0.023544657	0.035532544	0.038556545	0.080828206	0.055465039	0.038739794	0.010646224	0.044434568	0.132753031	0.016379733
"14"	"Coriobacteriaceae"	0.065952019	0.023847591	0.035086153	0.059941308	0.099500546	0.043807088	0	0.003532009	0.000312804	0.003388166	0.001759091
"15"	"Corynebacteriaceae"	0	0	0.000267833	0.000145277	0	0	0	7.02e-05	0	9.13e-05	0
"16"	"Dehalobacteriaceae"	0	0	0	5.81e-05	0	0	0	0	0	0	0.000201863
"17"	"Desulfovibrionaceae"	7.52e-05	0.000875141	0.003124721	0.00177238	0	0.000133711	0	0.000120409	0.000362194	0	0.000576751
"18"	"Enterobacteriaceae"	0.022462454	0.01881553	0	0	0.003500222	0.003292635	0.013871655	0.004816376	0	0	0.001153502
"19"	"Enterococcaceae"	0	0.000471211	0	0	0	0	0	0	0	0	0
"20"	"Erysipelotrichaceae"	0.056564207	0.066981952	0.016531261	0.024915014	0.106460602	0.059142076	0.089081215	0.085059168	0.100953228	0.044330874	0.045909393
"21"	"Eubacteriaceae"	0.000127332	0.000100978	4.46e-05	7.26e-05	0	0	0.000242123	0.000311058	0	0.000205378	0
"22"	"Fusobacteriaceae"	4.05e-05	0	0	0	0	0	0	0	0	0	0
"23"	"Gemellaceae"	0.000144695	0	0	0	0	0	0.00046407	0.000210716	0	0	0.000288376
"24"	"Lachnospiraceae"	0.344415134	0.343475894	0.334568342	0.464915582	0.422880735	0.420755306	0.646519961	0.482239608	0.377010655	0.265951013	0.153934884
"25"	"Lactobacillaceae"	0.000914459	0.000218785	4.46e-05	0	0	0	0	0.000551874	0.0001646	0.004095415	0
"26"	"Leuconostocaceae"	0.003999409	0.00043757	4.46e-05	0	0	0	0	0	0	0	0.000144188
"27"	"Methanobacteriaceae"	0	0	0	0	0	0	0	0	0.008676182	0.122143762	0
"28"	"Micrococcaceae"	7.52e-05	0.000117807	0.000208315	0.000406776	0	0	0	0	0	0	0
"29"	"Mollicutes unclassified"	0	0	0.000699342	5.81e-05	0	0	0	0	0	0.000307988	0
"30"	"Muribaculaceae"	0	0	0	0	0	0	0	0	0.000576217	0	0
"31"	"Odoribacteraceae"	0	0	0.002812249	0.000726385	0	0.000927621	0	0	0.000312823	4.56e-05	0.002797243
"32"	"Paraprevotellaceae"	0.002008369	0.039398172	0.0047466	0.003094401	0	0	0	0	0.017385292	0.00126627	0
"33"	"Pasteurellaceae"	0.000162059	0.001211734	0.002886647	0	0.001413551	0	0	0	0.001382921	0	0
"34"	"Peptococcaceae"	0	0	0	0	0	0	0	0	9.88e-05	0	0
"35"	"Peptoniphilaceae"	0.000115756	0.000100978	0	0	0.000551909	0.00049306	0.0001815	0.000180575	0	0	0
"36"	"Peptostreptococcaceae"	0.005573659	0.001565156	0	0	0.008642857	0.001746601	0.000191681	0.000120409	0	0.016518555	0.001816766
"37"	"Porphyromonadaceae"	0.001516406	0.014002255	0.00355623	0.001757852	0	0.000768838	0.000322831	0.000180614	0.001531091	0.000296604	0.078438158
"38"	"Prevotellaceae"	4.63e-05	0	0.062286087	0.007656101	0	0	3.03e-05	0	0.164551128	0.009924822	0
"39"	"Pseudomonadaceae"	1.74e-05	0	0	0	0	0	0	0	0	0	0
"40"	"Rikenellaceae"	0.000324078	0.001514667	0.007960599	0.00322515	0.000215398	0.007730216	0	0	0.001103091	0.000216786	0.031721313
"41"	"Ruminococcaceae"	0.151999398	0.189064097	0.298946465	0.17686025	0.061859684	0.195669349	0.141500947	0.087166359	0.156434832	0.238629374	0.234795385
"42"	"Staphylococcaceae"	0	0	0	0	0	0	0.000232035	0	0.000214023	0	0
"43"	"Streptococcaceae"	0.004711323	0.033760245	0.012513826	0.005825609	0.033629057	0.003777337	0.008343216	0.013746733	0.038293738	0.000718694	0.007180552
"44"	"Turicibacteraceae"	0.008600655	0.009710739	0.000743981	0	0.012923872	0.00202238	0.000575043	0.001444913	0.017665152	0.005008043	0.001441878
"45"	"Unknown"	0	0	0	0	0.000107699	4.18e-05	0	0	0.000526828	0	0
"46"	"Veillonellaceae"	0.180232322	0.057086117	0.018882242	0.017796437	0.002423231	0.018318416	0.007162818	0.02657034	0.026670618	0.002098996	0.055454624
